        5.000000000e-01       -8.000000000e+00        4.000000000e+00        6.400000000e+01        1.600000000e+01
        5.404040404e-01       -8.000008000e+00        4.000004000e+00        6.400006400e+01        1.600001600e+01
        5.808080808e-01       -8.000000000e+00        4.000002000e+00        6.400000000e+01        1.600000400e+01
        6.212121212e-01       -7.999856000e+00        3.999960000e+00        6.399884800e+01        1.599977600e+01
        6.616161616e-01       -7.999728000e+00        3.999904000e+00        6.399782400e+01        1.599953600e+01
        7.020202020e-01       -7.999416000e+00        3.999798000e+00        6.399532800e+01        1.599901200e+01
        7.424242424e-01       -7.998927999e+00        3.999638000e+00        6.399142400e+01        1.599820400e+01
        7.828282828e-01       -7.998143999e+00        3.999382000e+00        6.398515199e+01        1.599690800e+01
        8.232323232e-01       -7.997551998e+00        3.999185999e+00        6.398041599e+01        1.599592400e+01
        8.636363636e-01       -7.996023998e+00        3.998657999e+00        6.396819198e+01        1.599334000e+01
        9.040404040e-01       -7.993071996e+00        3.997707999e+00        6.394457597e+01        1.598848799e+01
        9.444444444e-01       -7.989447993e+00        3.996439998e+00        6.391558394e+01        1.598232799e+01
        9.848484848e-01       -7.987319989e+00        3.995827996e+00        6.389855992e+01        1.597897598e+01
        1.025252525e+00       -7.980311987e+00        3.993485996e+00        6.384249590e+01        1.596728398e+01
        1.065656566e+00       -7.975039980e+00        3.991697993e+00        6.380031984e+01        1.595843597e+01
        1.106060606e+00       -7.966791975e+00        3.988951992e+00        6.373433580e+01        1.594469596e+01
        1.146464646e+00       -7.956103967e+00        3.985427989e+00        6.364908773e+01        1.592697594e+01
        1.186868687e+00       -7.943631956e+00        3.981151985e+00        6.354943965e+01        1.590595993e+01
        1.227272727e+00       -7.931943944e+00        3.977285981e+00        6.345567955e+01        1.588652391e+01
        1.267676768e+00       -7.913655932e+00        3.971047977e+00        6.330988746e+01        1.585579189e+01
        1.308080808e+00       -7.894863914e+00        3.964971971e+00        6.315942331e+01        1.582483986e+01
        1.348484848e+00       -7.874415895e+00        3.958053965e+00        6.299583916e+01        1.579055582e+01
        1.388888889e+00       -7.849223874e+00        3.950089958e+00        6.279494300e+01        1.574947579e+01
        1.429292929e+00       -7.824223849e+00        3.941593950e+00        6.259622279e+01        1.570756375e+01
        1.469696970e+00       -7.798583824e+00        3.932807942e+00        6.239084660e+01        1.566433571e+01
        1.510101010e+00       -7.766527799e+00        3.922279933e+00        6.213427039e+01        1.561121566e+01
        1.550505051e+00       -7.730439767e+00        3.910131922e+00        6.184787013e+01        1.555097561e+01
        1.590909091e+00       -7.700647730e+00        3.900401910e+00        6.160953385e+01        1.550172355e+01
        1.631313131e+00       -7.663887701e+00        3.887767900e+00        6.131878161e+01        1.543990350e+01
        1.671717172e+00       -7.611583664e+00        3.870447888e+00        6.090111732e+01        1.535300744e+01
        1.712121212e+00       -7.575719612e+00        3.858269870e+00        6.061382090e+01        1.529276335e+01
        1.752525253e+00       -7.528407576e+00        3.843227858e+00        6.023980461e+01        1.521564729e+01
        1.792929293e+00       -7.477935528e+00        3.826387843e+00        5.983641224e+01        1.513151922e+01
        1.833333333e+00       -7.428439478e+00        3.809951826e+00        5.944965984e+01        1.504972713e+01
        1.873737374e+00       -7.375471428e+00        3.791817810e+00        5.902809145e+01        1.496062705e+01
        1.914141414e+00       -7.321383375e+00        3.774397792e+00        5.859909903e+01        1.487193096e+01
        1.954545455e+00       -7.270359321e+00        3.757439774e+00        5.819564260e+01        1.478728687e+01
        1.994949495e+00       -7.208599270e+00        3.736301757e+00        5.770668220e+01        1.468357079e+01
        2.035353535e+00       -7.152271209e+00        3.717779736e+00        5.726348171e+01        1.459066268e+01
        2.075757576e+00       -7.090567152e+00        3.697163718e+00        5.677368926e+01        1.448796659e+01
        2.116161616e+00       -7.026647091e+00        3.676001697e+00        5.627192877e+01        1.438232249e+01
        2.156565657e+00       -6.958775027e+00        3.653923676e+00        5.573676027e+01        1.427078238e+01
        2.196969697e+00       -6.905982959e+00        3.635929654e+00        5.531775174e+01        1.418221027e+01
        2.237373737e+00       -6.837326906e+00        3.613525636e+00        5.478258332e+01        1.406962618e+01
        2.277777778e+00       -6.774990837e+00        3.593331614e+00        5.429579878e+01        1.396764607e+01
        2.318181818e+00       -6.702742775e+00        3.568633593e+00        5.372997430e+01        1.384676197e+01
        2.358585859e+00       -6.638974703e+00        3.547851569e+00        5.322981373e+01        1.374205385e+01
        2.398989899e+00       -6.572502639e+00        3.525363548e+00        5.271301323e+01        1.363154174e+01
        2.439393939e+00       -6.504630573e+00        3.503153525e+00        5.218424471e+01        1.352013763e+01
        2.479797980e+00       -6.433190505e+00        3.478825503e+00        5.163230818e+01        1.340126552e+01
        2.520202020e+00       -6.373662433e+00        3.459425479e+00        5.116568363e+01        1.330353740e+01
        2.560606061e+00       -6.308974374e+00        3.438715459e+00        5.067800317e+01        1.319929330e+01
        2.601010101e+00       -6.238102309e+00        3.416079439e+00        5.012369868e+01        1.308394120e+01
        2.641414141e+00       -6.179262238e+00        3.396209416e+00        4.965310612e+01        1.298536908e+01
        2.681818182e+00       -6.108286179e+00        3.371605396e+00        4.911345765e+01        1.286694499e+01
        2.722222222e+00       -6.040038108e+00        3.349551372e+00        4.858744111e+01        1.275583687e+01
        2.762626263e+00       -5.977550040e+00        3.329521350e+00        4.811224059e+01        1.265483276e+01
        2.803030303e+00       -5.908765978e+00        3.305955330e+00        4.757566411e+01        1.253977265e+01
        2.843434343e+00       -5.843885909e+00        3.284883306e+00        4.708990358e+01        1.243482854e+01
        2.883838384e+00       -5.780661844e+00        3.263495285e+00        4.659831909e+01        1.232971643e+01
        2.924242424e+00       -5.718309781e+00        3.243339263e+00        4.613585460e+01        1.222932433e+01
        2.964646465e+00       -5.653165718e+00        3.221181243e+00        4.562852614e+01        1.212072823e+01
        3.005050505e+00       -5.594709653e+00        3.202909221e+00        4.520222163e+01        1.202831212e+01
        3.045454545e+00       -5.522077595e+00        3.178883203e+00        4.464740520e+01        1.190926803e+01
        3.085858586e+00       -5.472597522e+00        3.162953179e+00        4.427498865e+01        1.182939191e+01
        3.126262626e+00       -5.407037473e+00        3.140451163e+00        4.375998027e+01        1.171941983e+01
        3.166666667e+00       -5.353341407e+00        3.124617140e+00        4.338737176e+01        1.163761572e+01
        3.207070707e+00       -5.299285353e+00        3.105009125e+00        4.298141939e+01        1.154599964e+01
        3.247474747e+00       -5.235149299e+00        3.085425105e+00        4.248471498e+01        1.144371955e+01
        3.287878788e+00       -5.176517235e+00        3.065139085e+00        4.204804248e+01        1.134653944e+01
        3.328282828e+00       -5.120757177e+00        3.047655065e+00        4.166186605e+01        1.125955535e+01
        3.368686869e+00       -5.052509121e+00        3.024929048e+00        4.113431366e+01        1.114700726e+01
        3.409090909e+00       -5.009797053e+00        3.010723025e+00        4.081680913e+01        1.107739515e+01
        3.449494949e+00       -4.961213010e+00        2.995879011e+00        4.046308082e+01        1.100130708e+01
        3.489898990e+00       -4.899108961e+00        2.975138996e+00        3.999248846e+01        1.089936300e+01
        3.530303030e+00       -4.834764899e+00        2.954276975e+00        3.953930399e+01        1.079714290e+01
        3.570707071e+00       -4.789076835e+00        2.939336954e+00        3.919683954e+01        1.072301480e+01
        3.611111111e+00       -4.752660789e+00        2.927604939e+00        3.892176720e+01        1.066415072e+01
        3.651515152e+00       -4.689868753e+00        2.907114928e+00        3.847575092e+01        1.056389866e+01
        3.691919192e+00       -4.644996690e+00        2.893182907e+00        3.814749448e+01        1.049308256e+01
        3.732323232e+00       -4.592332645e+00        2.874106893e+00        3.777021415e+01        1.040501849e+01
        3.772727273e+00       -4.544332592e+00        2.860436874e+00        3.744214977e+01        1.033317441e+01
        3.813131313e+00       -4.499196544e+00        2.844362860e+00        3.710218144e+01        1.025721033e+01
        3.853535354e+00       -4.455268499e+00        2.828468844e+00        3.675690110e+01        1.018187826e+01
        3.893939394e+00       -4.405852455e+00        2.815270828e+00        3.643581276e+01        1.011070618e+01
        3.934343434e+00       -4.362580406e+00        2.798564815e+00        3.611152444e+01        1.003539011e+01
        3.974747475e+00       -4.319620363e+00        2.786242799e+00        3.581200411e+01        9.970546035e+00
        4.015151515e+00       -4.278252320e+00        2.772268786e+00        3.552739581e+01        9.904125971e+00
        4.055555556e+00       -4.234900278e+00        2.757784772e+00        3.523408353e+01        9.835149904e+00
        4.095959596e+00       -4.191460235e+00        2.745832758e+00        3.490665923e+01        9.769061835e+00
        4.136363636e+00       -4.152436191e+00        2.732060746e+00        3.462518691e+01        9.704413769e+00
        4.176767677e+00       -4.116556152e+00        2.721496732e+00        3.437795463e+01        9.649893704e+00
        4.217171717e+00       -4.065820117e+00        2.705882721e+00        3.404118638e+01        9.572249650e+00
        4.257575758e+00       -4.033916066e+00        2.695780706e+00        3.381168204e+01        9.521749572e+00
        4.297979798e+00       -3.986500034e+00        2.678190696e+00        3.346563381e+01        9.441233522e+00
        4.338383838e+00       -3.944211987e+00        2.664980678e+00        3.319760147e+01        9.376917441e+00
        4.378787879e+00       -3.920715944e+00        2.657846665e+00        3.301910520e+01        9.339745377e+00
        4.419191919e+00       -3.885579921e+00        2.645986658e+00        3.277692902e+01        9.283321340e+00
        4.459595960e+00       -3.831243886e+00        2.628456646e+00        3.241763278e+01        9.198637283e+00
        4.500000000e+00       -3.798171831e+00        2.619492628e+00        3.220988842e+01        9.151189199e+00
