        5.000000000e-01       -7.999920000e+00        3.999980000e+00        6.399936000e+01        1.599988000e+01
        5.404040404e-01       -8.000079999e+00        4.000040000e+00        6.400063999e+01        1.600016000e+01
        5.808080808e-01       -8.000000001e+00        4.000020000e+00        6.400000001e+01        1.600004000e+01
        6.212121212e-01       -8.000000000e+00        4.000020000e+00        6.400000000e+01        1.600004000e+01
        6.616161616e-01       -8.000000000e+00        4.000000000e+00        6.400000000e+01        1.600000000e+01
        7.020202020e-01       -7.999360000e+00        3.999740000e+00        6.399488000e+01        1.599884000e+01
        7.424242424e-01       -7.999839994e+00        3.999959997e+00        6.399871995e+01        1.599975999e+01
        7.828282828e-01       -7.999599998e+00        3.999880000e+00        6.399679999e+01        1.599936000e+01
        8.232323232e-01       -7.996239996e+00        3.998659999e+00        6.396991997e+01        1.599355999e+01
        8.636363636e-01       -7.995039962e+00        3.998339987e+00        6.396031970e+01        1.599171994e+01
        9.040404040e-01       -7.993919950e+00        3.998019983e+00        6.395135960e+01        1.598995992e+01
        9.444444444e-01       -7.989199939e+00        3.996299980e+00        6.391359951e+01        1.598179990e+01
        9.848484848e-01       -7.984079892e+00        3.995019963e+00        6.387263914e+01        1.597411982e+01
        1.025252525e+00       -7.981199841e+00        3.993719950e+00        6.384959873e+01        1.596863974e+01
        1.065656566e+00       -7.972239812e+00        3.990899937e+00        6.377791850e+01        1.595403969e+01
        1.106060606e+00       -7.965839722e+00        3.988299909e+00        6.372671778e+01        1.594243954e+01
        1.146464646e+00       -7.952319658e+00        3.984339883e+00        6.361983727e+01        1.592107942e+01
        1.186868687e+00       -7.942319523e+00        3.980499843e+00        6.353855620e+01        1.590331921e+01
        1.227272727e+00       -7.937519423e+00        3.978899805e+00        6.350015539e+01        1.589531903e+01
        1.267676768e+00       -7.905199375e+00        3.968339789e+00        6.324159500e+01        1.584187895e+01
        1.308080808e+00       -7.891039052e+00        3.964099683e+00        6.313087242e+01        1.581939842e+01
        1.348484848e+00       -7.870958910e+00        3.956999641e+00        6.296767131e+01        1.578495819e+01
        1.388888889e+00       -7.851998710e+00        3.950059570e+00        6.281598968e+01        1.575211785e+01
        1.429292929e+00       -7.822478520e+00        3.940779501e+00        6.258366816e+01        1.570427752e+01
        1.469696970e+00       -7.795838225e+00        3.931219408e+00        6.236926584e+01        1.565843704e+01
        1.510101010e+00       -7.752397958e+00        3.917519312e+00        6.202174369e+01        1.558759658e+01
        1.550505051e+00       -7.746957524e+00        3.915199175e+00        6.197950022e+01        1.557759588e+01
        1.590909091e+00       -7.683037470e+00        3.893819152e+00        6.147197980e+01        1.547115578e+01
        1.631313131e+00       -7.657516830e+00        3.885938938e+00        6.126653472e+01        1.542979471e+01
        1.671717172e+00       -7.611756575e+00        3.871018859e+00        6.090045267e+01        1.535419430e+01
        1.712121212e+00       -7.574716118e+00        3.858658710e+00        6.061308900e+01        1.529299354e+01
        1.752525253e+00       -7.540955747e+00        3.849218587e+00        6.033788613e+01        1.524003293e+01
        1.792929293e+00       -7.470475410e+00        3.823058492e+00        5.978556338e+01        1.511795240e+01
        1.833333333e+00       -7.444474705e+00        3.813678231e+00        5.957115786e+01        1.507279118e+01
        1.873737374e+00       -7.394154445e+00        3.797638137e+00        5.917499571e+01        1.499079073e+01
        1.914141414e+00       -7.323273942e+00        3.775357976e+00        5.861947175e+01        1.487606991e+01
        1.954545455e+00       -7.292153233e+00        3.764517754e+00        5.836410619e+01        1.482286876e+01
        1.994949495e+00       -7.200792922e+00        3.734237645e+00        5.764474364e+01        1.467166823e+01
        2.035353535e+00       -7.139432008e+00        3.713517342e+00        5.714745645e+01        1.456846672e+01
        2.075757576e+00       -7.114071394e+00        3.705217135e+00        5.697529147e+01        1.452842568e+01
        2.116161616e+00       -7.032871141e+00        3.679397052e+00        5.632568975e+01        1.439558528e+01
        2.156565657e+00       -6.965350329e+00        3.655056794e+00        5.580216326e+01        1.428042396e+01
        2.196969697e+00       -6.885749654e+00        3.627196551e+00        5.515639802e+01        1.414454280e+01
        2.237373737e+00       -6.869828857e+00        3.624376272e+00        5.503671156e+01        1.412346145e+01
        2.277777778e+00       -6.765508698e+00        3.588536244e+00        5.422135037e+01        1.394866123e+01
        2.318181818e+00       -6.691427655e+00        3.563355885e+00        5.364150221e+01        1.382501949e+01
        2.358585859e+00       -6.630306914e+00        3.546975634e+00        5.318709642e+01        1.373329825e+01
        2.398989899e+00       -6.560946303e+00        3.521155470e+00        5.264245187e+01        1.361293733e+01
        2.439393939e+00       -6.530385609e+00        3.512355212e+00        5.238772642e+01        1.356413613e+01
        2.479797980e+00       -6.436865304e+00        3.479575124e+00        5.168564388e+01        1.340793564e+01
        2.520202020e+00       -6.379104369e+00        3.462034796e+00        5.120563686e+01        1.331397408e+01
        2.560606061e+00       -6.319103791e+00        3.441394620e+00        5.076659206e+01        1.321525314e+01
        2.601010101e+00       -6.232783191e+00        3.413354414e+00        5.007218767e+01        1.307261215e+01
        2.641414141e+00       -6.175902328e+00        3.397034134e+00        4.966706072e+01        1.298621073e+01
        2.681818182e+00       -6.113101759e+00        3.370553970e+00        4.915953667e+01        1.287012986e+01
        2.722222222e+00       -6.045661131e+00        3.348973706e+00        4.864817160e+01        1.276128870e+01
        2.762626263e+00       -5.991660457e+00        3.336033490e+00        4.822512648e+01        1.268196761e+01
        2.803030303e+00       -5.929499917e+00        3.313913360e+00        4.775216225e+01        1.257708682e+01
        2.843434343e+00       -5.843579295e+00        3.285953139e+00        4.707503752e+01        1.243588577e+01
        2.883838384e+00       -5.768138436e+00        3.262352860e+00        4.652655075e+01        1.231668436e+01
        2.924242424e+00       -5.726217681e+00        3.248292624e+00        4.617070527e+01        1.224536317e+01
        2.964646465e+00       -5.655817262e+00        3.223052483e+00        4.562158171e+01        1.212536245e+01
        3.005050505e+00       -5.592376558e+00        3.198752231e+00        4.512301622e+01        1.201388125e+01
        3.045454545e+00       -5.530215924e+00        3.180331988e+00        4.470893123e+01        1.192008014e+01
        3.085858586e+00       -5.470215302e+00        3.164291803e+00        4.428012709e+01        1.183119920e+01
        3.126262626e+00       -5.430214702e+00        3.150371643e+00        4.402540280e+01        1.176743831e+01
        3.166666667e+00       -5.342614302e+00        3.118091504e+00        4.330412025e+01        1.161399767e+01
        3.207070707e+00       -5.305333426e+00        3.105691181e+00        4.302379304e+01        1.155303614e+01
        3.247474747e+00       -5.193253053e+00        3.069211057e+00        4.213227024e+01        1.136831553e+01
        3.287878788e+00       -5.183731933e+00        3.068610692e+00        4.210858132e+01        1.136087368e+01
        3.328282828e+00       -5.117491837e+00        3.045770686e+00        4.164906109e+01        1.125335361e+01
        3.368686869e+00       -5.108691175e+00        3.046090458e+00        4.149801649e+01        1.124015253e+01
        3.409090909e+00       -4.988211087e+00        3.003730461e+00        4.064169498e+01        1.104167240e+01
        3.449494949e+00       -4.945649882e+00        2.989810037e+00        4.038312642e+01        1.097639042e+01
        3.489898990e+00       -4.865089456e+00        2.965729898e+00        3.977192383e+01        1.084974976e+01
        3.530303030e+00       -4.848608651e+00        2.959209657e+00        3.967591772e+01        1.082246850e+01
        3.570707071e+00       -4.800048486e+00        2.939229592e+00        3.926695676e+01        1.073266822e+01
        3.611111111e+00       -4.757328000e+00        2.925869392e+00        3.899559267e+01        1.066762733e+01
        3.651515152e+00       -4.653487573e+00        2.898049259e+00        3.821734996e+01        1.051142668e+01
        3.691919192e+00       -4.639326535e+00        2.889588980e+00        3.812070217e+01        1.048138511e+01
        3.732323232e+00       -4.581886393e+00        2.865708896e+00        3.774182121e+01        1.038122481e+01
        3.772727273e+00       -4.539885819e+00        2.857948657e+00        3.737253742e+01        1.032162381e+01
        3.813131313e+00       -4.496845399e+00        2.842408579e+00        3.701413373e+01        1.024662322e+01
        3.853535354e+00       -4.458844968e+00        2.830228424e+00        3.675237014e+01        1.018690247e+01
        3.893939394e+00       -4.407484588e+00        2.814068302e+00        3.648612752e+01        1.011226187e+01
        3.934343434e+00       -4.357244075e+00        2.803688141e+00        3.610340486e+01        1.004246112e+01
        3.974747475e+00       -4.337723572e+00        2.794688037e+00        3.596772103e+01        1.000622042e+01
        4.015151515e+00       -4.303163377e+00        2.778127947e+00        3.570403968e+01        9.939340062e+00
        4.055555556e+00       -4.239883032e+00        2.757967781e+00        3.515043704e+01        9.832779393e+00
        4.095959596e+00       -4.206042399e+00        2.751287580e+00        3.504099150e+01        9.795658328e+00
        4.136363636e+00       -4.162442060e+00        2.734567513e+00        3.476003041e+01        9.722857957e+00
        4.176767677e+00       -4.107081624e+00        2.718487346e+00        3.432098760e+01        9.635577229e+00
        4.217171717e+00       -4.085881071e+00        2.709247185e+00        3.420258321e+01        9.599096356e+00
        4.257575758e+00       -4.042840859e+00        2.695347092e+00        3.380450203e+01        9.524895991e+00
        4.297979798e+00       -3.975720428e+00        2.674546953e+00        3.336097805e+01        9.422015249e+00
        4.338383838e+00       -3.951799757e+00        2.667246745e+00        3.328097361e+01        9.390454220e+00
        4.378787879e+00       -3.899879518e+00        2.647786672e+00        3.282209281e+01        9.296893905e+00
        4.419191919e+00       -3.886918999e+00        2.645666478e+00        3.285280822e+01        9.288092969e+00
        4.459595960e+00       -3.837318869e+00        2.629006457e+00        3.249952853e+01        9.207892881e+00
        4.500000000e+00       -3.770918373e+00        2.612466290e+00        3.211552500e+01        9.117612079e+00
