        5.000000000e-01       -8.000000000e+00        4.000000000e+00        6.400000000e+01        1.600000000e+01
        5.404040404e-01       -8.000800000e+00        4.000400000e+00        6.400640000e+01        1.600160000e+01
        5.808080808e-01       -8.000800080e+00        4.000400040e+00        6.400640064e+01        1.600160016e+01
        6.212121212e-01       -8.000800080e+00        4.000400040e+00        6.400640064e+01        1.600160016e+01
        6.616161616e-01       -8.000800080e+00        4.000400040e+00        6.400640064e+01        1.600160016e+01
        7.020202020e-01       -8.000800080e+00        4.000400040e+00        6.400640064e+01        1.600160016e+01
        7.424242424e-01       -7.997600080e+00        3.999200040e+00        6.398080064e+01        1.599600016e+01
        7.828282828e-01       -7.996799760e+00        3.998999920e+00        6.397439808e+01        1.599479960e+01
        8.232323232e-01       -7.999199680e+00        3.999999900e+00        6.399359744e+01        1.599919948e+01
        8.636363636e-01       -7.988799920e+00        3.995800000e+00        6.391039936e+01        1.598039992e+01
        9.040404040e-01       -7.999198880e+00        3.999999580e+00        6.399359104e+01        1.599919804e+01
        9.444444444e-01       -7.987199920e+00        3.995800000e+00        6.389759936e+01        1.597879992e+01
        9.848484848e-01       -7.988798720e+00        3.996199580e+00        6.391038976e+01        1.598119788e+01
        1.025252525e+00       -7.979998880e+00        3.993599620e+00        6.383999104e+01        1.596719812e+01
        1.065656566e+00       -7.975198000e+00        3.990399360e+00        6.380158400e+01        1.595599672e+01
        1.106060606e+00       -7.952797520e+00        3.984599040e+00        6.362238016e+01        1.592199560e+01
        1.146464646e+00       -7.960795280e+00        3.986998460e+00        6.368636224e+01        1.593479220e+01
        1.186868687e+00       -7.934396080e+00        3.978598700e+00        6.347516864e+01        1.589159348e+01
        1.227272727e+00       -7.946393440e+00        3.982797860e+00        6.357114752e+01        1.591198916e+01
        1.267676768e+00       -7.910394639e+00        3.970198280e+00        6.328315711e+01        1.585079120e+01
        1.308080808e+00       -7.904791039e+00        3.966997020e+00        6.323832832e+01        1.583878508e+01
        1.348484848e+00       -7.885590479e+00        3.962596700e+00        6.308472383e+01        1.581078388e+01
        1.388888889e+00       -7.878388559e+00        3.960796260e+00        6.302710847e+01        1.579998108e+01
        1.429292929e+00       -7.858387839e+00        3.952796080e+00        6.286710271e+01        1.576398000e+01
        1.469696970e+00       -7.785585839e+00        3.930595280e+00        6.228468671e+01        1.564677640e+01
        1.510101010e+00       -7.773578559e+00        3.926593060e+00        6.218862847e+01        1.562676468e+01
        1.550505051e+00       -7.758377358e+00        3.922992659e+00        6.206701886e+01        1.560436268e+01
        1.590909091e+00       -7.737575838e+00        3.912592299e+00        6.192620670e+01        1.556436044e+01
        1.631313131e+00       -7.676773758e+00        3.894791259e+00        6.141419262e+01        1.546635644e+01
        1.671717172e+00       -7.593567677e+00        3.866989479e+00        6.074854142e+01        1.532754664e+01
        1.712121212e+00       -7.587159357e+00        3.867386699e+00        6.069727485e+01        1.532193275e+01
        1.752525253e+00       -7.562358716e+00        3.854386739e+00        6.053726973e+01        1.527353219e+01
        1.792929293e+00       -7.473556236e+00        3.825185439e+00        5.981405373e+01        1.512552735e+01
        1.833333333e+00       -7.395147356e+00        3.803382519e+00        5.919958141e+01        1.500431255e+01
        1.873737374e+00       -7.371139515e+00        3.785980338e+00        5.899471996e+01        1.494470043e+01
        1.914141414e+00       -7.289537114e+00        3.762778598e+00        5.831629947e+01        1.481509447e+01
        1.954545455e+00       -7.155928954e+00        3.721776278e+00        5.724743163e+01        1.459948151e+01
        1.994949495e+00       -7.246315593e+00        3.753372178e+00        5.799612474e+01        1.475465995e+01
        2.035353535e+00       -7.191924632e+00        3.727775337e+00        5.763779961e+01        1.465387547e+01
        2.075757576e+00       -7.117519192e+00        3.709372778e+00        5.704256378e+01        1.454266539e+01
        2.116161616e+00       -7.051911752e+00        3.687370937e+00        5.651770426e+01        1.443305427e+01
        2.156565657e+00       -6.908705191e+00        3.639368737e+00        5.537205177e+01        1.419384331e+01
        2.196969697e+00       -6.863890871e+00        3.617763937e+00        5.498793721e+01        1.410421938e+01
        2.237373737e+00       -6.799886389e+00        3.598361776e+00        5.443749879e+01        1.399901042e+01
        2.277777778e+00       -6.734279989e+00        3.581759836e+00        5.404064375e+01        1.390819990e+01
        2.318181818e+00       -6.679073428e+00        3.559158176e+00        5.349660406e+01        1.380139082e+01
        2.358585859e+00       -6.698267907e+00        3.562355916e+00        5.373974966e+01        1.383258014e+01
        2.398989899e+00       -6.592669827e+00        3.530356236e+00        5.289497397e+01        1.366298326e+01
        2.439393939e+00       -6.459859267e+00        3.484153036e+00        5.180688950e+01        1.343616630e+01
        2.479797980e+00       -6.445445986e+00        3.477748415e+00        5.183238069e+01        1.341774362e+01
        2.520202020e+00       -6.285444545e+00        3.431947775e+00        5.041158324e+01        1.315734177e+01
        2.560606061e+00       -6.318228544e+00        3.450343195e+00        5.069944116e+01        1.322851573e+01
        2.601010101e+00       -6.141431823e+00        3.387745034e+00        4.934906994e+01        1.293052285e+01
        2.641414141e+00       -6.270214143e+00        3.420538775e+00        5.041773491e+01        1.312729305e+01
        2.681818182e+00       -6.049427021e+00        3.355742054e+00        4.861304177e+01        1.277451273e+01
        2.722222222e+00       -6.038204943e+00        3.348735574e+00        4.854886130e+01        1.275087745e+01
        2.762626263e+00       -5.888603820e+00        3.302734874e+00        4.728805489e+01        1.250527509e+01
        2.803030303e+00       -5.894188860e+00        3.294130273e+00        4.749912881e+01        1.250405053e+01
        2.843434343e+00       -5.841389419e+00        3.292129413e+00        4.706394991e+01        1.244645041e+01
        2.883838384e+00       -5.755784139e+00        3.253329213e+00        4.626390639e+01        1.227604465e+01
        2.924242424e+00       -5.762975578e+00        3.255525333e+00        4.648782639e+01        1.229802760e+01
        2.964646465e+00       -5.686176298e+00        3.226125553e+00        4.589904878e+01        1.216402980e+01
        3.005050505e+00       -5.498968618e+00        3.187322613e+00        4.449098990e+01        1.190481640e+01
        3.045454545e+00       -5.610149897e+00        3.194718732e+00        4.539324910e+01        1.203159048e+01
        3.085858586e+00       -5.367761015e+00        3.125919472e+00        4.335173932e+01        1.164520316e+01
        3.126262626e+00       -5.350136776e+00        3.124312592e+00        4.333873517e+01        1.163236452e+01
        3.166666667e+00       -5.465335014e+00        3.162512431e+00        4.411953387e+01        1.181516324e+01
        3.207070707e+00       -5.298146534e+00        3.119116251e+00        4.316601195e+01        1.158518152e+01
        3.247474747e+00       -5.251729815e+00        3.085911912e+00        4.262831660e+01        1.146195852e+01
        3.287878788e+00       -5.153325173e+00        3.057708591e+00        4.181546283e+01        1.130554620e+01
        3.328282828e+00       -5.093315333e+00        3.043505771e+00        4.147618155e+01        1.122593055e+01
        3.368686869e+00       -5.061309332e+00        3.021504351e+00        4.119454762e+01        1.114832259e+01
        3.409090909e+00       -4.974106131e+00        2.995702150e+00        4.044571945e+01        1.100631483e+01
        3.449494949e+00       -4.942897411e+00        2.984099570e+00        4.043924457e+01        1.096710063e+01
        3.489898990e+00       -4.806094290e+00        2.951698410e+00        3.924244392e+01        1.075909671e+01
        3.530303030e+00       -4.837280609e+00        2.967095170e+00        3.958152424e+01        1.082667591e+01
        3.570707071e+00       -4.798883728e+00        2.945296710e+00        3.933835815e+01        1.074868267e+01
        3.611111111e+00       -4.682079888e+00        2.901094530e+00        3.848073384e+01        1.054827487e+01
        3.651515152e+00       -4.771668208e+00        2.928090109e+00        3.904384807e+01        1.068225483e+01
        3.691919192e+00       -4.666077167e+00        2.896292809e+00        3.826310438e+01        1.051706823e+01
        3.732323232e+00       -4.540466608e+00        2.861489629e+00        3.746302631e+01        1.033465171e+01
        3.772727273e+00       -4.548454047e+00        2.855286149e+00        3.743734630e+01        1.032463347e+01
        3.813131313e+00       -4.420454845e+00        2.825485529e+00        3.657974373e+01        1.014743246e+01
        3.853535354e+00       -4.402842045e+00        2.811282549e+00        3.637485797e+01        1.009741474e+01
        3.893939394e+00       -4.408440284e+00        2.811081128e+00        3.636843749e+01        1.009940974e+01
        3.934343434e+00       -4.265240844e+00        2.761681108e+00        3.526123684e+01        9.859809941e+00
        3.974747475e+00       -4.286026524e+00        2.772676168e+00        3.563232612e+01        9.915385981e+00
        4.015151515e+00       -4.324428603e+00        2.780077268e+00        3.592676323e+01        9.967791539e+00
        4.055555556e+00       -4.157232443e+00        2.725478008e+00        3.484519268e+01        9.707396779e+00
        4.095959596e+00       -4.212415723e+00        2.760872548e+00        3.496668452e+01        9.813370740e+00
        4.136363636e+00       -4.122021242e+00        2.723876087e+00        3.438429667e+01        9.657781337e+00
        4.176767677e+00       -4.004412202e+00        2.687272388e+00        3.401943843e+01        9.502965778e+00
        4.217171717e+00       -4.114800441e+00        2.721468727e+00        3.455700194e+01        9.660150297e+00
        4.257575758e+00       -4.059611480e+00        2.706272147e+00        3.403865570e+01        9.569766015e+00
        4.297979798e+00       -3.978005961e+00        2.671070627e+00        3.330900387e+01        9.412956977e+00
        4.338383838e+00       -3.885997801e+00        2.642067107e+00        3.254733090e+01        9.261341296e+00
        4.378787879e+00       -3.906788600e+00        2.661464207e+00        3.296965473e+01        9.336926134e+00
        4.419191919e+00       -3.857990679e+00        2.630266146e+00        3.257929697e+01        9.225733693e+00
        4.459595960e+00       -3.881185799e+00        2.654663027e+00        3.276485793e+01        9.297722573e+00
        4.500000000e+00       -3.817188119e+00        2.626065466e+00        3.234247649e+01        9.182129772e+00
