        5.000000000e-01       -7.999999200e+00        3.999999800e+00        6.399999360e+01        1.599999880e+01
        5.404040404e-01       -7.999985600e+00        3.999995000e+00        6.399988480e+01        1.599997560e+01
        5.808080808e-01       -7.999918400e+00        3.999973400e+00        6.399934720e+01        1.599986520e+01
        6.212121212e-01       -7.999896000e+00        3.999966400e+00        6.399916800e+01        1.599982880e+01
        6.616161616e-01       -7.999767200e+00        3.999922800e+00        6.399813760e+01        1.599961280e+01
        7.020202020e-01       -7.999479200e+00        3.999826000e+00        6.399583360e+01        1.599913120e+01
        7.424242424e-01       -7.999050400e+00        3.999686000e+00        6.399240320e+01        1.599842240e+01
        7.828282828e-01       -7.998146400e+00        3.999375000e+00        6.398517120e+01        1.599689640e+01
        8.232323232e-01       -7.997052800e+00        3.999018600e+00        6.397642240e+01        1.599509000e+01
        8.636363636e-01       -7.995296800e+00        3.998438400e+00        6.396237440e+01        1.599217360e+01
        9.040404040e-01       -7.992972800e+00        3.997645000e+00        6.394378240e+01        1.598826280e+01
        9.444444444e-01       -7.989813599e+00        3.996605400e+00        6.391850879e+01        1.598302440e+01
        9.848484848e-01       -7.985593599e+00        3.995208800e+00        6.388474879e+01        1.597601120e+01
        1.025252525e+00       -7.980479999e+00        3.993512800e+00        6.384385279e+01        1.596750640e+01
        1.065656566e+00       -7.973854398e+00        3.991292599e+00        6.379087358e+01        1.595644200e+01
        1.106060606e+00       -7.964987197e+00        3.988366199e+00        6.371993598e+01        1.594172200e+01
        1.146464646e+00       -7.955758396e+00        3.985273199e+00        6.364620797e+01        1.592631359e+01
        1.186868687e+00       -7.943703196e+00        3.981207599e+00        6.354975356e+01        1.590612639e+01
        1.227272727e+00       -7.929664794e+00        3.976566798e+00        6.343758715e+01        1.588281519e+01
        1.267676768e+00       -7.914775993e+00        3.971613398e+00        6.331857914e+01        1.585802599e+01
        1.308080808e+00       -7.896069591e+00        3.965327397e+00        6.316905593e+01        1.582675559e+01
        1.348484848e+00       -7.875263190e+00        3.958438997e+00        6.300300152e+01        1.579219718e+01
        1.388888889e+00       -7.851113588e+00        3.950420196e+00        6.281026550e+01        1.575203878e+01
        1.429292929e+00       -7.825415985e+00        3.941821595e+00        6.260518388e+01        1.570917518e+01
        1.469696970e+00       -7.796511183e+00        3.932189994e+00        6.237436786e+01        1.566103357e+01
        1.510101010e+00       -7.768123180e+00        3.922722993e+00        6.214794224e+01        1.561375397e+01
        1.550505051e+00       -7.732667977e+00        3.910927592e+00        6.186537581e+01        1.555477516e+01
        1.590909091e+00       -7.696601573e+00        3.898990991e+00        6.157800939e+01        1.549490836e+01
        1.631313131e+00       -7.658174370e+00        3.886142390e+00        6.127238376e+01        1.543089595e+01
        1.671717172e+00       -7.616099966e+00        3.872081589e+00        6.093692773e+01        1.536077114e+01
        1.712121212e+00       -7.573524762e+00        3.857973187e+00        6.059804129e+01        1.529008634e+01
        1.752525253e+00       -7.529852757e+00        3.843544386e+00        6.025244126e+01        1.521779273e+01
        1.792929293e+00       -7.481887953e+00        3.827575984e+00        5.987170523e+01        1.513807752e+01
        1.833333333e+00       -7.427856748e+00        3.809582583e+00        5.944266839e+01        1.504826031e+01
        1.873737374e+00       -7.378448743e+00        3.792948181e+00        5.905146194e+01        1.496583710e+01
        1.914141414e+00       -7.323748738e+00        3.774800379e+00        5.861770191e+01        1.487508150e+01
        1.954545455e+00       -7.270247932e+00        3.757158177e+00        5.819445706e+01        1.478659389e+01
        1.994949495e+00       -7.210721527e+00        3.737217576e+00        5.772307142e+01        1.468748788e+01
        2.035353535e+00       -7.152095921e+00        3.718010374e+00        5.726173377e+01        1.459092707e+01
        2.075757576e+00       -7.091667115e+00        3.697690972e+00        5.678385853e+01        1.449020666e+01
        2.116161616e+00       -7.029824709e+00        3.677311370e+00        5.629663288e+01        1.438807465e+01
        2.156565657e+00       -6.970811903e+00        3.657874768e+00        5.583340083e+01        1.429074304e+01
        2.196969697e+00       -6.904226297e+00        3.635642366e+00        5.530870318e+01        1.418019183e+01
        2.237373737e+00       -6.839696690e+00        3.614113764e+00        5.480376873e+01        1.407331142e+01
        2.277777778e+00       -6.774847084e+00        3.592784961e+00        5.429480228e+01        1.396641861e+01
        2.318181818e+00       -6.705696677e+00        3.569810359e+00        5.375510303e+01        1.385216300e+01
        2.358585859e+00       -6.642530271e+00        3.548689957e+00        5.325877018e+01        1.374731819e+01
        2.398989899e+00       -6.575326264e+00        3.526462555e+00        5.273676693e+01        1.363663617e+01
        2.439393939e+00       -6.509215858e+00        3.504411153e+00        5.222300047e+01        1.352736776e+01
        2.479797980e+00       -6.439741451e+00        3.481421350e+00        5.168000522e+01        1.341271375e+01
        2.520202020e+00       -6.374695844e+00        3.460044748e+00        5.117662597e+01        1.330597654e+01
        2.560606061e+00       -6.309658237e+00        3.438607746e+00        5.067165952e+01        1.319902333e+01
        2.601010101e+00       -6.239009431e+00        3.415206944e+00        5.012668027e+01        1.308283612e+01
        2.641414141e+00       -6.177036624e+00        3.394912542e+00        4.964628341e+01        1.298123611e+01
        2.681818182e+00       -6.106913418e+00        3.371711539e+00        4.910607216e+01        1.286600930e+01
        2.722222222e+00       -6.042988611e+00        3.350625937e+00        4.861877611e+01        1.276141969e+01
        2.762626263e+00       -5.972573404e+00        3.327301535e+00        4.807688166e+01        1.264569488e+01
        2.803030303e+00       -5.914259797e+00        3.308001333e+00        4.763099361e+01        1.255006966e+01
        2.843434343e+00       -5.846318991e+00        3.285814731e+00        4.710877916e+01        1.243908766e+01
        2.883838384e+00       -5.782276585e+00        3.264557329e+00        4.662074711e+01        1.233404964e+01
        2.924242424e+00       -5.718806178e+00        3.243599726e+00        4.613359186e+01        1.222995203e+01
        2.964646465e+00       -5.653421372e+00        3.222144924e+00        4.563723981e+01        1.212332802e+01
        3.005050505e+00       -5.589768565e+00        3.201101722e+00        4.515706056e+01        1.201940401e+01
        3.045454545e+00       -5.530686159e+00        3.181602320e+00        4.470787652e+01        1.192279000e+01
        3.085858586e+00       -5.466794153e+00        3.160936918e+00        4.422531007e+01        1.181935279e+01
        3.126262626e+00       -5.411725347e+00        3.142706716e+00        4.381451962e+01        1.172968358e+01
        3.166666667e+00       -5.347835741e+00        3.121487514e+00        4.333174198e+01        1.162512677e+01
        3.207070707e+00       -5.289012535e+00        3.102665912e+00        4.289018673e+01        1.153047476e+01
        3.247474747e+00       -5.233913329e+00        3.084366910e+00        4.247586349e+01        1.144043195e+01
        3.287878788e+00       -5.174218123e+00        3.064549108e+00        4.203848105e+01        1.134361234e+01
        3.328282828e+00       -5.117518917e+00        3.046247706e+00        4.161373860e+01        1.125211353e+01
        3.368686869e+00       -5.062553312e+00        3.028454705e+00        4.120912416e+01        1.116375633e+01
        3.409090909e+00       -5.008178906e+00        3.010343903e+00        4.080938012e+01        1.107536352e+01
        3.449494949e+00       -4.950894901e+00        2.991737101e+00        4.038555288e+01        1.098301871e+01
        3.489898990e+00       -4.899950095e+00        2.974750299e+00        4.000936724e+01        1.090006110e+01
        3.530303030e+00       -4.844689290e+00        2.957068097e+00        3.960696080e+01        1.081191589e+01
        3.570707071e+00       -4.794471684e+00        2.940521496e+00        3.923181836e+01        1.073026748e+01
        3.611111111e+00       -4.742779679e+00        2.924079694e+00        3.885595272e+01        1.064804627e+01
        3.651515152e+00       -4.692587674e+00        2.907172492e+00        3.849279109e+01        1.056643826e+01
        3.691919192e+00       -4.642273269e+00        2.891144691e+00        3.812637185e+01        1.048632426e+01
        3.732323232e+00       -4.594781264e+00        2.875312489e+00        3.778881661e+01        1.040981665e+01
        3.772727273e+00       -4.548871659e+00        2.860801688e+00        3.745302778e+01        1.033685344e+01
        3.813131313e+00       -4.498870055e+00        2.844294686e+00        3.708934135e+01        1.025610823e+01
        3.853535354e+00       -4.456482050e+00        2.830847284e+00        3.678507891e+01        1.018900303e+01
        3.893939394e+00       -4.405697246e+00        2.814130883e+00        3.642695408e+01        1.010779502e+01
        3.934343434e+00       -4.361264441e+00        2.799715481e+00        3.611051884e+01        1.003697061e+01
        3.974747475e+00       -4.316228436e+00        2.784904480e+00        3.578718441e+01        9.964622204e+00
        4.015151515e+00       -4.273689232e+00        2.771278678e+00        3.548789478e+01        9.897395396e+00
        4.055555556e+00       -4.232294027e+00        2.758295477e+00        3.519768035e+01        9.832592990e+00
        4.095959596e+00       -4.190268423e+00        2.744496076e+00        3.490536672e+01        9.765711783e+00
        4.136363636e+00       -4.147090819e+00        2.730143074e+00        3.459001309e+01        9.695707377e+00
        4.176767677e+00       -4.106199615e+00        2.717603473e+00        3.430892506e+01        9.632614570e+00
        4.217171717e+00       -4.067201211e+00        2.704624672e+00        3.403602903e+01        9.570101763e+00
        4.257575758e+00       -4.025102807e+00        2.691122870e+00        3.374770260e+01        9.504028557e+00
        4.297979798e+00       -3.987730003e+00        2.679228069e+00        3.347426897e+01        9.444462950e+00
        4.338383838e+00       -3.949907599e+00        2.666466468e+00        3.322441295e+01        9.384412544e+00
        4.378787879e+00       -3.912945195e+00        2.654958067e+00        3.297920972e+01        9.327589338e+00
        4.419191919e+00       -3.878167591e+00        2.643799265e+00        3.272845770e+01        9.272210933e+00
        4.459595960e+00       -3.841958788e+00        2.632251264e+00        3.247625287e+01        9.215247727e+00
        4.500000000e+00       -3.804889984e+00        2.620205663e+00        3.223109445e+01        9.157299722e+00
