        5.000000000e-01       -8.000000000e+00        4.000000000e+00        6.400000000e+01        1.600000000e+01
        5.404040404e-01       -8.008000000e+00        4.004000000e+00        6.406400000e+01        1.601600000e+01
        5.808080808e-01       -8.008008000e+00        4.004004000e+00        6.406406400e+01        1.601601600e+01
        6.212121212e-01       -8.008008008e+00        4.004004004e+00        6.406406406e+01        1.601601602e+01
        6.616161616e-01       -8.008008008e+00        4.004004004e+00        6.406406406e+01        1.601601602e+01
        7.020202020e-01       -8.008008008e+00        4.004004004e+00        6.406406406e+01        1.601601602e+01
        7.424242424e-01       -8.008008008e+00        4.004004004e+00        6.406406406e+01        1.601601602e+01
        7.828282828e-01       -8.008008008e+00        4.004004004e+00        6.406406406e+01        1.601601602e+01
        8.232323232e-01       -8.008008008e+00        4.004004004e+00        6.406406406e+01        1.601601602e+01
        8.636363636e-01       -8.008008008e+00        4.004004004e+00        6.406406406e+01        1.601601602e+01
        9.040404040e-01       -8.000008008e+00        4.002004004e+00        6.400006406e+01        1.600401602e+01
        9.444444444e-01       -8.008000008e+00        4.004002004e+00        6.406400006e+01        1.601600402e+01
        9.848484848e-01       -8.008008000e+00        4.004004002e+00        6.406406400e+01        1.601601600e+01
        1.025252525e+00       -7.984008008e+00        3.994004004e+00        6.387206406e+01        1.597201602e+01
        1.065656566e+00       -8.007984008e+00        4.003994004e+00        6.406387206e+01        1.601597202e+01
        1.106060606e+00       -7.896007984e+00        3.966003994e+00        6.316806387e+01        1.582801597e+01
        1.146464646e+00       -7.895896008e+00        3.973966004e+00        6.316716806e+01        1.584382802e+01
        1.186868687e+00       -7.919895896e+00        3.971973966e+00        6.335916717e+01        1.586384383e+01
        1.227272727e+00       -7.999919896e+00        4.001971974e+00        6.399935917e+01        1.600386384e+01
        1.267676768e+00       -7.783999920e+00        3.924001972e+00        6.227199936e+01        1.563200386e+01
        1.308080808e+00       -7.903784000e+00        3.967924002e+00        6.323027200e+01        1.583963200e+01
        1.348484848e+00       -7.695903784e+00        3.907967924e+00        6.156723027e+01        1.551183963e+01
        1.388888889e+00       -7.863695904e+00        3.955907968e+00        6.290956723e+01        1.577551184e+01
        1.429292929e+00       -7.831863696e+00        3.955955908e+00        6.265490957e+01        1.574377551e+01
        1.469696970e+00       -7.799831864e+00        3.931955956e+00        6.239865491e+01        1.566374378e+01
        1.510101010e+00       -7.743799832e+00        3.911931956e+00        6.195039865e+01        1.556766374e+01
        1.550505051e+00       -7.727743800e+00        3.913911932e+00        6.182195040e+01        1.555556766e+01
        1.590909091e+00       -7.631727744e+00        3.867913912e+00        6.105382195e+01        1.536755557e+01
        1.631313131e+00       -7.543631728e+00        3.839867914e+00        6.034905382e+01        1.522336756e+01
        1.671717172e+00       -7.743543632e+00        3.907839868e+00        6.194834905e+01        1.555922337e+01
        1.712121212e+00       -7.303743544e+00        3.765907840e+00        5.842994835e+01        1.483555922e+01
        1.752525253e+00       -7.735303744e+00        3.911765908e+00        6.188242995e+01        1.555883556e+01
        1.792929293e+00       -7.487735304e+00        3.835911766e+00        5.990188243e+01        1.515955884e+01
        1.833333333e+00       -7.319487735e+00        3.781835912e+00        5.855590188e+01        1.488315956e+01
        1.873737374e+00       -7.431319488e+00        3.809781836e+00        5.945055590e+01        1.505088316e+01
        1.914141414e+00       -7.239431319e+00        3.759809782e+00        5.804345056e+01        1.476705088e+01
        1.954545455e+00       -7.135239431e+00        3.707759810e+00        5.708204345e+01        1.455076705e+01
        1.994949495e+00       -7.199135239e+00        3.749707760e+00        5.772108204e+01        1.470655077e+01
        2.035353535e+00       -6.815199135e+00        3.573749708e+00        5.464972108e+01        1.397070655e+01
        2.075757576e+00       -7.222815199e+00        3.731573750e+00        5.791064972e+01        1.469397071e+01
        2.116161616e+00       -7.207222815e+00        3.725731574e+00        5.765791065e+01        1.465869397e+01
        2.156565657e+00       -6.967207223e+00        3.673725732e+00        5.573765791e+01        1.431465869e+01
        2.196969697e+00       -6.910967207e+00        3.625673726e+00        5.541573766e+01        1.417031466e+01
        2.237373737e+00       -6.718910967e+00        3.575625674e+00        5.387941574e+01        1.387817031e+01
        2.277777778e+00       -6.814718911e+00        3.597575626e+00        5.490187942e+01        1.403387817e+01
        2.318181818e+00       -6.854814719e+00        3.619597576e+00        5.483890188e+01        1.409403388e+01
        2.358585859e+00       -6.286854815e+00        3.433619598e+00        5.029483890e+01        1.315409403e+01
        2.398989899e+00       -6.758286855e+00        3.571433620e+00        5.419429484e+01        1.390915409e+01
        2.439393939e+00       -6.414758287e+00        3.493571434e+00        5.144619429e+01        1.340990915e+01
        2.479797980e+00       -6.438414758e+00        3.485493571e+00        5.150744619e+01        1.340940991e+01
        2.520202020e+00       -6.470438415e+00        3.495485494e+00        5.201950745e+01        1.347740941e+01
        2.560606061e+00       -6.310470438e+00        3.437495485e+00        5.061201951e+01        1.319347741e+01
        2.601010101e+00       -6.238310470e+00        3.405437495e+00        5.003461202e+01        1.305719348e+01
        2.641414141e+00       -5.966238310e+00        3.347405437e+00        4.785803461e+01        1.266905719e+01
        2.681818182e+00       -6.253966238e+00        3.433347405e+00        5.041585803e+01        1.314466906e+01
        2.722222222e+00       -6.190253966e+00        3.375433347e+00        4.990641586e+01        1.296514467e+01
        2.762626263e+00       -5.870190254e+00        3.295375433e+00        4.734590642e+01        1.248496514e+01
        2.803030303e+00       -6.061870190e+00        3.339295375e+00        4.875134591e+01        1.275648497e+01
        2.843434343e+00       -5.854061870e+00        3.301339295e+00        4.708875135e+01        1.247275648e+01
        2.883838384e+00       -5.781854062e+00        3.261301339e+00        4.676708875e+01        1.233647276e+01
        2.924242424e+00       -5.693781854e+00        3.215261301e+00        4.580676709e+01        1.214033647e+01
        2.964646465e+00       -5.445693782e+00        3.179215261e+00        4.394980677e+01        1.182814034e+01
        3.005050505e+00       -5.453445694e+00        3.141179215e+00        4.375594981e+01        1.174382814e+01
        3.045454545e+00       -5.853453446e+00        3.301141179e+00        4.708375595e+01        1.247174383e+01
        3.085858586e+00       -5.685853453e+00        3.239301141e+00        4.561508376e+01        1.217247174e+01
        3.126262626e+00       -5.349685853e+00        3.119239301e+00        4.343761508e+01        1.162817247e+01
        3.166666667e+00       -5.213349686e+00        3.085119239e+00        4.209143762e+01        1.140762817e+01
        3.207070707e+00       -5.277213350e+00        3.109085119e+00        4.311409144e+01        1.155140763e+01
        3.247474747e+00       -5.029277213e+00        3.005109085e+00        4.125911409e+01        1.110355141e+01
        3.287878788e+00       -5.317029277e+00        3.101005109e+00        4.292125911e+01        1.154310355e+01
        3.328282828e+00       -5.053317029e+00        3.023101005e+00        4.119492126e+01        1.114754310e+01
        3.368686869e+00       -5.045053317e+00        3.033023101e+00        4.125719492e+01        1.116714754e+01
        3.409090909e+00       -5.181045053e+00        3.051033023e+00        4.208925719e+01        1.132316715e+01
        3.449494949e+00       -5.117181045e+00        3.043051033e+00        4.170608926e+01        1.125132317e+01
        3.489898990e+00       -4.933117181e+00        2.991043051e+00        4.087370609e+01        1.100325132e+01
        3.530303030e+00       -4.796933117e+00        2.958991043e+00        3.927287371e+01        1.077100325e+01
        3.570707071e+00       -4.796796933e+00        2.944958991e+00        3.888727287e+01        1.071877100e+01
        3.611111111e+00       -4.556796797e+00        2.818944959e+00        3.760688727e+01        1.026671877e+01
        3.651515152e+00       -4.356556797e+00        2.846818945e+00        3.626160689e+01        1.013826672e+01
        3.691919192e+00       -4.556356557e+00        2.840846819e+00        3.696426161e+01        1.027013827e+01
        3.732323232e+00       -4.532556357e+00        2.866840847e+00        3.715696426e+01        1.032227014e+01
        3.772727273e+00       -4.508532556e+00        2.856866841e+00        3.709315696e+01        1.028632227e+01
        3.813131313e+00       -4.532508533e+00        2.834856867e+00        3.805309316e+01        1.031428632e+01
        3.853535354e+00       -4.580532509e+00        2.858834857e+00        3.754205309e+01        1.035431429e+01
        3.893939394e+00       -4.828580533e+00        2.962858835e+00        4.003754205e+01        1.084235431e+01
        3.934343434e+00       -4.396828581e+00        2.822962859e+00        3.594403754e+01        1.009084235e+01
        3.974747475e+00       -4.516396829e+00        2.884822963e+00        3.728394404e+01        1.035809084e+01
        4.015151515e+00       -4.092516397e+00        2.700884823e+00        3.440528394e+01        9.598358091e+00
        4.055555556e+00       -3.892092516e+00        2.644700885e+00        3.229040528e+01        9.253598358e+00
        4.095959596e+00       -4.195892093e+00        2.744644701e+00        3.446429041e+01        9.741253598e+00
        4.136363636e+00       -4.212195892e+00        2.720744645e+00        3.549046429e+01        9.765741254e+00
        4.176767677e+00       -4.020212196e+00        2.706720745e+00        3.344349046e+01        9.513765741e+00
        4.217171717e+00       -4.204020212e+00        2.788706721e+00        3.529744349e+01        9.885513766e+00
        4.257575758e+00       -4.212204020e+00        2.792788707e+00        3.510729744e+01        9.885885514e+00
        4.297979798e+00       -4.116212204e+00        2.742792789e+00        3.472310730e+01        9.713885886e+00
        4.338383838e+00       -3.812116212e+00        2.622742793e+00        3.203472311e+01        9.153713886e+00
        4.378787879e+00       -3.867812116e+00        2.640622743e+00        3.209603472e+01        9.221153714e+00
        4.419191919e+00       -3.683867812e+00        2.564640623e+00        3.126409603e+01        8.925221154e+00
        4.459595960e+00       -3.739683868e+00        2.594564641e+00        3.235126410e+01        9.080925221e+00
        4.500000000e+00       -3.427739684e+00        2.552594565e+00        3.024035126e+01        8.709080925e+00
