  5.0000e-01 -1.9980e+00 -4.9900e-01
  5.1515e-01 -1.9980e+00 -4.9900e-01
  5.3030e-01 -1.9980e+00 -4.9900e-01
  5.4545e-01 -1.9980e+00 -4.9900e-01
  5.6061e-01 -1.9980e+00 -4.9900e-01
  5.7576e-01 -1.9980e+00 -4.9900e-01
  5.9091e-01 -1.9980e+00 -4.9900e-01
  6.0606e-01 -1.9980e+00 -4.9900e-01
  6.2121e-01 -1.9980e+00 -4.9900e-01
  6.3636e-01 -1.9980e+00 -4.9900e-01
  6.5152e-01 -1.9980e+00 -4.9900e-01
  6.6667e-01 -1.9980e+00 -4.9900e-01
  6.8182e-01 -1.9980e+00 -4.9900e-01
  6.9697e-01 -1.9980e+00 -4.9900e-01
