        5.000000000e-01       -2.000000000e+00        1.000000000e+00        4.800000000e+01        6.000000000e+00
        5.404040404e-01       -2.000012500e+00        1.000006250e+00        4.109092149e+01        5.551425000e+00
        5.808080808e-01       -2.000012500e+00        1.000006250e+00        3.557277582e+01        5.165238913e+00
        6.212121212e-01       -2.000012500e+00        1.000006250e+00        3.109590589e+01        4.829288415e+00
        6.616161616e-01       -2.000012500e+00        1.000006250e+00        2.741390130e+01        4.534370038e+00
        7.020202020e-01       -1.998662500e+00        9.995312500e-01        4.449839299e+01        1.322766390e+01
        7.424242424e-01       -1.999762492e+00        9.999437471e-01        1.162232180e+02        4.077072791e+01
        7.828282828e-01       -2.000012499e+00        1.000006250e+00        1.240174284e+02        4.343249175e+01
        8.232323232e-01       -1.999812500e+00        9.999437500e-01        1.354718869e+02        4.732158244e+01
        8.636363636e-01       -1.998212499e+00        9.993812496e-01        2.023910296e+02        7.564452424e+01
        9.040404040e-01       -1.997312489e+00        9.990937461e-01        3.177985935e+02        1.308619899e+02
        9.444444444e-01       -1.997712483e+00        9.992187443e-01        3.837585971e+02        1.679244698e+02
        9.848484848e-01       -1.995112486e+00        9.983812451e-01        5.941312748e+02        2.605582344e+02
        1.025252525e+00       -1.993912469e+00        9.979562399e-01        8.845355666e+02        3.989259556e+02
        1.065656566e+00       -1.986562462e+00        9.954812372e-01        1.206002961e+03        5.824882515e+02
        1.106060606e+00       -1.993262416e+00        9.977562218e-01        1.466675981e+03        7.283303590e+02
        1.146464646e+00       -1.990562458e+00        9.968812360e-01        1.737790319e+03        8.892406295e+02
        1.186868687e+00       -1.983262441e+00        9.943437305e-01        2.055409937e+03        1.086751233e+03
        1.227272727e+00       -1.988212395e+00        9.961437146e-01        2.463570578e+03        1.340789462e+03
        1.267676768e+00       -1.980612426e+00        9.936562259e-01        2.867014693e+03        1.584378932e+03
        1.308080808e+00       -1.972562379e+00        9.908187104e-01        3.449533677e+03        1.976078023e+03
        1.348484848e+00       -1.973312329e+00        9.911061926e-01        4.048224405e+03        2.377324464e+03
        1.388888889e+00       -1.963562333e+00        9.878936944e-01        4.846045116e+03        2.919839514e+03
        1.429292929e+00       -1.948962272e+00        9.828311743e-01        5.616892265e+03        3.479426273e+03
        1.469696970e+00       -1.946512181e+00        9.821061427e-01        6.507680682e+03        4.178819959e+03
        1.510101010e+00       -1.930662166e+00        9.767061382e-01        7.593542533e+03        5.027455190e+03
        1.550505051e+00       -1.931462067e+00        9.771186044e-01        8.667978363e+03        5.914023509e+03
        1.590909091e+00       -1.920062072e+00        9.732811070e-01        9.744638230e+03        6.816880143e+03
        1.631313131e+00       -1.911862000e+00        9.706560830e-01        1.099726659e+04        7.870839750e+03
        1.671717172e+00       -1.897461949e+00        9.657560666e-01        1.227006591e+04        9.002873841e+03
        1.712121212e+00       -1.898861859e+00        9.661185360e-01        1.344144107e+04        1.013039152e+04
        1.752525253e+00       -1.882511868e+00        9.609060382e-01        1.472755576e+04        1.134579971e+04
        1.792929293e+00       -1.865011766e+00        9.550435057e-01        1.608489158e+04        1.264190495e+04
        1.833333333e+00       -1.852361656e+00        9.505559690e-01        1.765453922e+04        1.419441411e+04
        1.873737374e+00       -1.849561577e+00        9.498434410e-01        1.917781900e+04        1.572841310e+04
        1.914141414e+00       -1.825461560e+00        9.415809365e-01        2.075102940e+04        1.734943696e+04
        1.954545455e+00       -1.823061409e+00        9.409558849e-01        2.232072890e+04        1.906580374e+04
        1.994949495e+00       -1.798361394e+00        9.333808810e-01        2.401504397e+04        2.087527947e+04
        2.035353535e+00       -1.792961240e+00        9.313933336e-01        2.586221704e+04        2.286020930e+04
        2.075757576e+00       -1.761811206e+00        9.208433212e-01        2.769121395e+04        2.492255787e+04
        2.116161616e+00       -1.758461011e+00        9.197432553e-01        2.960033817e+04        2.710952551e+04
        2.156565657e+00       -1.732860990e+00        9.109932484e-01        3.147606309e+04        2.934594131e+04
        2.196969697e+00       -1.741810830e+00        9.141806937e-01        3.326525999e+04        3.156201251e+04
        2.237373737e+00       -1.699110886e+00        8.997932136e-01        3.518241895e+04        3.396674131e+04
        2.277777778e+00       -1.697860619e+00        8.995431237e-01        3.702602158e+04        3.637641282e+04
        2.318181818e+00       -1.675260612e+00        8.919181221e-01        3.895329882e+04        3.895038009e+04
        2.358585859e+00       -1.660710470e+00        8.876680745e-01        4.092046552e+04        4.156881876e+04
        2.398989899e+00       -1.654510379e+00        8.855180479e-01        4.281973036e+04        4.414167924e+04
        2.439393939e+00       -1.636010341e+00        8.795305345e-01        4.481280370e+04        4.685778480e+04
        2.479797980e+00       -1.619210225e+00        8.733679971e-01        4.677376092e+04        4.965025793e+04
        2.520202020e+00       -1.615060120e+00        8.724804585e-01        4.867832853e+04        5.244807203e+04
        2.560606061e+00       -1.590360094e+00        8.645429530e-01        5.055812798e+04        5.525012141e+04
        2.601010101e+00       -1.587809940e+00        8.638554034e-01        5.249802709e+04        5.817237118e+04
        2.641414141e+00       -1.533659924e+00        8.448303991e-01        5.438354338e+04        6.113736353e+04
        2.681818182e+00       -1.538359585e+00        8.475802802e-01        5.631411541e+04        6.419557259e+04
        2.722222222e+00       -1.505209615e+00        8.357302974e-01        5.821226539e+04        6.728905743e+04
        2.762626263e+00       -1.511059408e+00        8.380427233e-01        6.012864652e+04        7.045449415e+04
        2.803030303e+00       -1.459009444e+00        8.198177378e-01        6.201992182e+04        7.365673558e+04
        2.843434343e+00       -1.489009119e+00        8.305676239e-01        6.389436819e+04        7.686658586e+04
        2.883838384e+00       -1.446409306e+00        8.158926910e-01        6.563888199e+04        8.004459415e+04
        2.924242424e+00       -1.408759040e+00        8.041675993e-01        6.748938589e+04        8.339562917e+04
        2.964646465e+00       -1.423308805e+00        8.086425260e-01        6.929333438e+04        8.672772356e+04
        3.005050505e+00       -1.403808896e+00        8.027300540e-01        7.110140362e+04        9.011516900e+04
        3.045454545e+00       -1.400858774e+00        8.021925171e-01        7.287507771e+04        9.349652828e+04
        3.085858586e+00       -1.388258755e+00        7.977300137e-01        7.462821919e+04        9.686550447e+04
        3.126262626e+00       -1.348908677e+00        7.845924858e-01        7.634567223e+04        1.002805271e+05
        3.166666667e+00       -1.347308431e+00        7.842799037e-01        7.809179087e+04        1.037534984e+05
        3.207070707e+00       -1.327308421e+00        7.768299017e-01        7.976972513e+04        1.071947471e+05
        3.247474747e+00       -1.309458296e+00        7.718673552e-01        8.140071052e+04        1.106603252e+05
        3.287878788e+00       -1.275808184e+00        7.603673242e-01        8.311367840e+04        1.142223007e+05
        3.328282828e+00       -1.242957974e+00        7.489172523e-01        8.478673568e+04        1.178407393e+05
        3.368686869e+00       -1.267257768e+00        7.569796807e-01        8.639286666e+04        1.214299933e+05
        3.409090909e+00       -1.269157920e+00        7.585172311e-01        8.792650345e+04        1.249339808e+05
        3.449494949e+00       -1.213507932e+00        7.394547407e-01        8.944406821e+04        1.284740676e+05
        3.489898990e+00       -1.225257584e+00        7.440171216e-01        9.094332313e+04        1.320171123e+05
        3.530303030e+00       -1.197107658e+00        7.351046501e-01        9.243329467e+04        1.355864392e+05
        3.570707071e+00       -1.211707482e+00        7.402670944e-01        9.396855467e+04        1.391979198e+05
        3.611111111e+00       -1.187457573e+00        7.319296267e-01        9.539877040e+04        1.426966966e+05
        3.651515152e+00       -1.174607422e+00        7.274670746e-01        9.683827776e+04        1.462790680e+05
        3.691919192e+00       -1.165907341e+00        7.248420467e-01        9.815650347e+04        1.497223776e+05
        3.732323232e+00       -1.151357287e+00        7.209045303e-01        9.951562052e+04        1.532200454e+05
        3.772727273e+00       -1.126257196e+00        7.112045057e-01        1.008565488e+05        1.567481198e+05
        3.813131313e+00       -1.132257039e+00        7.140044450e-01        1.022017680e+05        1.603114783e+05
        3.853535354e+00       -1.119057077e+00        7.100544625e-01        1.035125626e+05        1.638520245e+05
        3.893939394e+00       -1.098656994e+00        7.024044378e-01        1.047637628e+05        1.673626061e+05
        3.934343434e+00       -1.096456867e+00        7.015918900e-01        1.060096204e+05        1.709225429e+05
        3.974747475e+00       -1.080806853e+00        6.963918849e-01        1.072212703e+05        1.744697858e+05
        4.015151515e+00       -1.090456755e+00        7.010168524e-01        1.084260674e+05        1.779953979e+05
        4.055555556e+00       -1.051256815e+00        6.875418814e-01        1.095929735e+05        1.814585697e+05
        4.095959596e+00       -1.072606570e+00        6.950292971e-01        1.107326666e+05        1.848941380e+05
        4.136363636e+00       -1.034356704e+00        6.818168439e-01        1.118309530e+05        1.883379583e+05
        4.176767677e+00       -1.018056465e+00        6.768917614e-01        1.129463055e+05        1.918314699e+05
        4.217171717e+00       -1.019806363e+00        6.771042306e-01        1.139868520e+05        1.952257518e+05
        4.257575758e+00       -9.800063738e-01        6.626292319e-01        1.150054577e+05        1.986397663e+05
        4.297979798e+00       -9.796561250e-01        6.638166414e-01        1.160043320e+05        2.020669846e+05
        4.338383838e+00       -9.834561229e-01        6.645291489e-01        1.170297876e+05        2.055533667e+05
        4.378787879e+00       -9.919061466e-01        6.680791533e-01        1.179196937e+05        2.088586018e+05
        4.419191919e+00       -9.805561994e-01        6.642541755e-01        1.188558305e+05        2.122097175e+05
        4.459595960e+00       -9.564061285e-01        6.566666516e-01        1.197823599e+05        2.155420291e+05
        4.500000000e+00       -9.494059775e-01        6.543541042e-01        1.207013051e+05        2.188859570e+05
