0.0
6.954219839581961e-08
3.324911932758694e-07
8.33049125143086e-07
1.5971904630131641e-06
2.537306223764259e-06
3.491155292370812e-06
5.249515825422317e-06
6.473635031142764e-06
9.153928737517708e-06
9.43770143766728e-06
1.1353396366322998e-05
1.2152933885485506e-05
1.539082111124896e-05
2.2328564182094397e-05
2.586238090949437e-05
3.155187541169371e-05
2.90719132490322e-05
2.6724594017022193e-05
3.061118195481891e-05
3.510959794135361e-05
4.70723875180527e-05
5.58755958869488e-05
5.04343489505705e-05
4.7160069678335356e-05
4.0379592421623965e-05
3.449039784012921e-05
3.9464936216017444e-05
4.335891175562686e-05
4.0504531916246736e-05
4.201814351110738e-05
3.706864644390781e-05
2.4424991581282865e-05
1.798021502502249e-05
1.4179089122079567e-05
1.122489216503594e-05
1.342266562505168e-05
1.987404021407495e-05
1.9679437029397716e-05
1.835085261923103e-05
1.9916538190486226e-05
1.802400671533104e-05
1.717418452503359e-05
2.0926844699220028e-05
2.575921609741927e-05
3.0119944794312403e-05
3.9001810049039315e-05
5.0117071354244204e-05
4.6236821524454275e-05
3.1309519298339953e-05
2.358443354258239e-05
2.0656488263111546e-05
1.5517530286613344e-05
9.673561344234298e-06
1.056665579447079e-05
1.9863114332683508e-05
2.5998207822002558e-05
2.5343786327629763e-05
3.0019115058405164e-05
3.99114461080878e-05
3.9477673821566145e-05
2.794210085122917e-05
1.8880952880941607e-05
1.8472575972117597e-05
2.1959430968984872e-05
2.1188518854968235e-05
1.6729432455647595e-05
1.9987261317918493e-05
3.379285860415899e-05
4.4101620049567866e-05
3.9612016992971916e-05
2.560664075748403e-05
1.385989202364419e-05
9.837539234856527e-06
1.2403226760607651e-05
1.8442442850290974e-05
2.470234274693315e-05
2.890940481959096e-05
3.1446079847266863e-05
3.4379892709571986e-05
3.826468558198177e-05
4.164121473472843e-05
4.3677164324512624e-05
4.50396437551232e-05
4.587647899270061e-05
4.510550450879573e-05
4.236151880579683e-05
3.8986876384313396e-05
3.629075230934261e-05
3.3961162544130386e-05
3.096945607790605e-05
2.7263730966794756e-05
2.3811367548815052e-05
2.1332950685746304e-05
1.9610283582016878e-05
1.805238280841581e-05
1.649927536071759e-05
1.5243764221816673e-05
1.4530429486548832e-05
1.4277937903631486e-05
1.427499708595726e-05
1.4533828599889533e-05
1.527841708276827e-05
1.657677798403152e-05
1.8154664609827817e-05
1.970523132960904e-05
2.1415444162880684e-05
2.392539860219406e-05
2.7465833586063642e-05
3.126225904404165e-05
3.428455534725493e-05
3.6602405911488374e-05
3.933272906608976e-05
4.2824136641255394e-05
4.568949720377918e-05
4.6502467480481744e-05
4.5659307606404e-05
4.4322144428080064e-05
4.233369455750293e-05
3.897079741079147e-05
3.5108013446091764e-05
3.229477265248898e-05
2.9918113532753085e-05
2.570877777207134e-05
1.918308125022047e-05
1.2758198561241714e-05
9.990845324796797e-06
1.4298661352683336e-05
2.688743309025919e-05
4.1823824029744866e-05
4.647009779432286e-05
3.523871690370489e-05
2.034392013596752e-05
1.692403905063146e-05
2.1951527791478762e-05
2.3047121760344698e-05
1.9443008641714524e-05
1.995134605502705e-05
2.9764557413307875e-05
4.211393785805975e-05
4.234188562682628e-05
3.14672643263467e-05
2.6402074292391814e-05
2.7271377793583313e-05
2.0848881561257317e-05
1.0933818804006594e-05
1.0134980933437966e-05
1.6692027509298786e-05
2.2258814543791706e-05
2.514393647940427e-05
3.3256847074707085e-05
4.931989303909364e-05
5.35908961519193e-05
4.177968876766003e-05
3.24995211651772e-05
2.811231862018793e-05
2.2907727435039366e-05
1.8617332983528607e-05
1.9313549567830093e-05
2.1131225166018438e-05
1.9235548514718355e-05
2.0651445273442608e-05
2.1042929645931057e-05
1.4307103392151107e-05
1.2212244703987089e-05
1.5676622758244994e-05
1.9722852238236615e-05
2.6573687870679455e-05
4.0308312475370456e-05
4.5687363431629455e-05
4.4176115109095424e-05
4.7702339176269195e-05
4.3808599623696546e-05
3.8530054620906165e-05
4.5108559625381276e-05
5.2265094744898195e-05
5.5468325054445876e-05
6.140401364266798e-05
5.1949990034934066e-05
3.911569947960929e-05
3.448217513957176e-05
3.0042336287104308e-05
3.2341691758387274e-05
3.4853058665095635e-05
2.8496383335221753e-05
2.474749505390057e-05
1.7219774345730232e-05
1.3669607825640649e-05
1.2746425628821499e-05
1.0519654825124705e-05
1.0172400368281754e-05
7.186961390440874e-06
5.844525743956379e-06
3.897866821756497e-06
2.833344015494358e-06
1.7847167259295677e-06
9.322556362439894e-07
3.745100443377698e-07
7.869555654904372e-08
0.0
