0.0
2.8959075254782984e-09
8.681816432994502e-08
6.773760855003298e-07
2.08056803383385e-06
3.7510867488548343e-06
4.517630400871235e-06
4.9870587157136705e-06
4.872409778049588e-06
7.0179546597044234e-06
8.67349634696127e-06
1.2846558473369021e-05
1.530918467494117e-05
1.807531474792037e-05
2.2211309304009466e-05
2.2610715501997093e-05
2.6535351346061463e-05
2.5996844730545245e-05
2.78567763567646e-05
3.632496396306804e-05
4.079459267888533e-05
4.8218687831897835e-05
4.996385402235576e-05
4.2304670003612724e-05
4.260535527088427e-05
4.33042331717343e-05
4.10372504010224e-05
4.48992420594768e-05
4.415397866695456e-05
3.794180343690053e-05
3.787705129502638e-05
3.2493206103896464e-05
2.0919724968737702e-05
1.6525972437831717e-05
1.671833521070099e-05
1.6133305160436196e-05
1.874230106163713e-05
2.345224830445751e-05
1.909871412877209e-05
1.5087682716348762e-05
1.4774321648953084e-05
1.3793054353650786e-05
1.5360562846321886e-05
2.1763951321539693e-05
2.8456156490903826e-05
3.348831269674154e-05
4.331372168507446e-05
5.520109568056517e-05
4.935400238326367e-05
3.097210532318111e-05
2.018612762641803e-05
1.4591203538898256e-05
1.1183486468991506e-05
9.00568386676569e-06
1.1327936145340156e-05
2.420772346780859e-05
3.491334152327137e-05
3.561818499347361e-05
4.1179429991049446e-05
5.049653190933041e-05
4.404631413207731e-05
2.5494602722516875e-05
1.3159892963367616e-05
1.0582790582136487e-05
1.2778104656209602e-05
1.440958268160448e-05
1.284883112193373e-05
1.6274906970303474e-05
3.2422192359294104e-05
5.080566930184677e-05
5.4104926780972884e-05
4.1163170582485697e-05
2.608621117206965e-05
2.009009403025154e-05
2.2519360486763926e-05
2.657394131002818e-05
2.7650155712201082e-05
2.5864934687590518e-05
2.3805561398148607e-05
2.3430030953958747e-05
2.4585391529600166e-05
2.593450846926003e-05
2.6872936956453893e-05
2.7814230120270368e-05
2.8744782448054175e-05
2.874347623935155e-05
2.735870588690595e-05
2.545157287465868e-05
2.4034932263447498e-05
2.2959226246275636e-05
2.1384472373685283e-05
1.9097624801360535e-05
1.6765450585712418e-05
1.505345383995762e-05
1.3943809888164367e-05
1.3006428620983277e-05
1.2028549481796172e-05
1.1150882949999972e-05
1.0567372304304843e-05
1.02936912334269e-05
1.0235090375355079e-05
1.04021863712884e-05
1.0906725095470954e-05
1.1739532635577905e-05
1.270033556819772e-05
1.3635699777058386e-05
1.4764179470533764e-05
1.656585104235178e-05
1.9125587989297423e-05
2.177950375294216e-05
2.3772558806787e-05
2.525614105669341e-05
2.7146809559398763e-05
2.9702601183163416e-05
3.18430750391351e-05
3.250577251607524e-05
3.207250130921219e-05
3.155918929711279e-05
3.097132907186046e-05
2.9749104861711016e-05
2.852397923558128e-05
2.8814970670957422e-05
3.0600830123846424e-05
3.1358991143472126e-05
2.8417713409629707e-05
2.255484047508425e-05
1.928165651052284e-05
2.509154211042678e-05
3.960667013747427e-05
5.150976730801304e-05
4.76917488090725e-05
2.9693469515500723e-05
1.4044780510560524e-05
1.0899260092670375e-05
1.3305936833250858e-05
1.3335763809695373e-05
1.267367087481254e-05
1.6729677161147948e-05
3.188629175548764e-05
5.264405288556578e-05
5.6713746128176276e-05
4.285164012609283e-05
3.447467693879899e-05
3.1342378203361274e-05
1.9842200571291574e-05
8.465066091119725e-06
7.340717972862029e-06
1.2452526010045668e-05
1.914698547346635e-05
2.4821174424890647e-05
3.5097604272217055e-05
5.357080186282009e-05
5.8800141325551426e-05
4.5471821116868576e-05
3.409288400626841e-05
2.7387055055564817e-05
2.0637742101717302e-05
1.6374292140226736e-05
1.771166443031127e-05
2.0822670404738557e-05
2.017115479184717e-05
2.24216929044127e-05
2.3347244016759617e-05
1.6004592055101737e-05
1.3302817414845371e-05
1.6139325256953484e-05
1.9441139200684846e-05
2.5394812466521254e-05
3.750189182396461e-05
4.223520421142898e-05
4.237258345517437e-05
4.9274929524427545e-05
4.808054630803984e-05
4.17774701009392e-05
4.503152788526269e-05
4.9053159804058854e-05
5.225388008469593e-05
6.003798325252075e-05
5.288301592875716e-05
4.105596679527712e-05
3.6384066310143583e-05
3.052906311487688e-05
3.103187869857892e-05
3.2163045319419336e-05
2.6496094378043116e-05
2.4850613404852456e-05
1.941799323142728e-05
1.6020979787180153e-05
1.3315897455717088e-05
9.214829593900566e-06
8.170239467079802e-06
6.2337567458155915e-06
6.2295526317810485e-06
5.047190482874453e-06
3.77128429272478e-06
1.952472190400896e-06
6.74008211274281e-07
1.5256452642221452e-07
2.0225321969764607e-08
0.0
