0.0
3.0034087232979298e-12
6.091511167394681e-12
5.230171602438712e-12
7.982147561957414e-12
1.753490548211437e-11
2.8195551551664025e-11
4.206431785197692e-11
6.927843300687912e-11
1.1386994756870175e-10
1.7876405737229928e-10
2.7885898563737444e-10
4.3632464985022885e-10
6.749329016210791e-10
1.031025828962069e-09
1.5632324045681561e-09
2.352008280588079e-09
3.5062718013877045e-09
5.180940181292167e-09
7.592626726042613e-09
1.1035189837220704e-08
1.5905990264492474e-08
2.2741505100856793e-08
3.225750333158854e-08
4.5398696770409166e-08
6.340360794984955e-08
8.788411815831988e-08
1.209201905431981e-07
1.6517450091799166e-07
2.2403050090070375e-07
3.0175478458301686e-07
4.0368499355878486e-07
5.364444373892833e-07
7.081816501718312e-07
9.288290982471119e-07
1.2103706265295477e-06
1.5671001852682699e-06
2.015844532380199e-06
2.57611083892068e-06
3.2701064186364292e-06
4.1225620858553505e-06
5.16027497348374e-06
6.4112749170696035e-06
7.903514446630595e-06
9.662989393543119e-06
1.1711220570528947e-05
1.4062074782215873e-05
1.671798057493479e-05
1.9665698296925192e-05
2.287192966004309e-05
2.627919435953505e-05
2.980254669148817e-05
3.332782181914344e-05
3.6712156328388165e-05
3.978750164112093e-05
4.2367715045305894e-05
4.425953434331249e-05
4.527731836554333e-05
4.526090780131009e-05
4.409536424512192e-05
4.173073608772988e-05
3.8199496478571835e-05
3.362901780124367e-05
2.824646174598913e-05
2.2373850750395185e-05
1.641189864001718e-05
1.0812370238764157e-05
6.04019713848679e-06
2.5281546808586476e-06
6.283934191490187e-07
5.662644710896005e-07
2.4024650615758813e-06
6.009395085063046e-06
1.1066659914718137e-05
1.7078899236605207e-05
2.3416717029266264e-05
2.9378681761392738e-05
3.426948852398682e-05
3.748681171355157e-05
3.860749969976044e-05
3.746287095658893e-05
3.419316239459996e-05
2.927271649688481e-05
2.350016959025941e-05
1.7951459757395757e-05
1.3897532843821333e-05
1.269273302315562e-05
1.5643534442872545e-05
2.3870051049289416e-05
3.817429537682671e-05
5.892922133428318e-05
8.600112000482887e-05
0.00011871505486178238
0.000155869001521982
0.00019579760649118282
0.00023648149430297605
0.00027569336157636404
0.000311168204522078
0.0003407823568031148
0.00036272486216776544
0.00037564520606556546
0.00037876354469142267
0.00037193309110220756
0.0003556488894125875
0.0003310023606094865
0.0002995862066707965
0.00026335897877320907
0.00022448236821263944
0.0001851466851900491
0.00014740081266296592
0.00011300209070014596
8.329921009564274e-05
5.915754676154095e-05
4.093185734212714e-05
2.8486375162065477e-05
2.1257622439459546e-05
1.835119457473862e-05
1.8660796454729067e-05
2.0996207538925858e-05
2.4206748966355523e-05
2.7288175769477922e-05
2.9463505789410218e-05
3.0231770415714035e-05
2.9382588923032273e-05
2.697835190863899e-05
2.330919520393699e-05
1.8828482519634827e-05
1.407795520646404e-05
9.61196128858123e-06
5.929302238855901e-06
3.419438990480521e-06
2.3273908399092207e-06
2.738998653764824e-06
4.585662283597719e-06
7.66551683774229e-06
1.1676506287136165e-05
1.625605326447667e-05
2.1022014591154155e-05
2.5610251646903057e-05
2.9705248175007943e-05
3.3061569132862075e-05
3.551536585420332e-05
3.6986392013094384e-05
3.747196462456534e-05
3.703493318753607e-05
3.5787986706185285e-05
3.3876552990656e-05
3.1462223454019365e-05
2.8708174144220315e-05
2.5767519145183933e-05
2.277500624595361e-05
1.9842028035267024e-05
1.705460078610342e-05
1.447375392114859e-05
1.2137677241631965e-05
1.0064980476805652e-05
8.258494143210873e-06
6.7091493906584255e-06
5.3995995404420194e-06
4.3073712950318774e-06
3.407441883795399e-06
2.674220785770762e-06
2.08297217997051e-06
1.6107506065025007e-06
1.2369399824707821e-06
9.434884422413698e-07
7.149238728659053e-07
5.382228305110703e-07
4.0259172017266444e-07
2.992048303592891e-07
2.2093049806289756e-07
1.6206613541077755e-07
1.1809495942869519e-07
8.547055657799302e-08
6.143057667331066e-08
4.383934885906968e-08
3.105833266603591e-08
2.1840250107401997e-08
1.5241845644194634e-08
1.0554170733424358e-08
7.249694937902803e-09
4.9399334221307766e-09
3.339001092446546e-09
2.2373121290111723e-09
1.4856247606160734e-09
9.790781783188981e-10
6.403787384132515e-10
4.136340817241002e-10
2.6425298932880334e-10
1.6933453723091928e-10
1.0771562343879982e-10
6.547302323058168e-11
3.980723391953665e-11
2.6664581102027578e-11
1.6510023776264828e-11
7.517532242559608e-12
4.96066160422792e-12
5.739679442758076e-12
2.815901875484225e-12
0.0
