  0.000000000000e+00  9.049176739422e-03  0.000000000000e+00
  1.001001001001e-03  1.799815317844e-02  8.959121054351e-03
  2.002002002002e-03  2.684792731973e-02  1.781903898263e-02
  3.003003003003e-03  3.559948722578e-02  2.658074185556e-02
  4.004004004004e-03  4.425381111788e-02  3.524520790263e-02
  5.005005005005e-03  5.281186747419e-02  4.381340561006e-02
  6.006006006006e-03  6.127461512674e-02  5.228629381791e-02
  7.007007007007e-03  6.964300335753e-02  6.066482181608e-02
  8.008008008008e-03  7.791797199361e-02  6.894992943949e-02
  9.009009009009e-03  8.610045150131e-02  7.714254716223e-02
  1.001001001001e-02  9.419136307944e-02  8.524359619080e-02
  1.101101101101e-02  1.021916187516e-01  9.325398855641e-02
  1.201201201201e-02  1.101021214575e-01  1.011746272064e-01
  1.301301301301e-02  1.179237651437e-01  1.090064060945e-01
  1.401401401401e-02  1.256574348527e-01  1.167502102710e-01
  1.501501501502e-02  1.333040068121e-01  1.244069159706e-01
  1.601601601602e-02  1.408643485221e-01  1.319773907008e-01
  1.701701701702e-02  1.483393188427e-01  1.394624933287e-01
  1.801801801802e-02  1.557297680795e-01  1.468630741670e-01
  1.901901901902e-02  1.630365380688e-01  1.541799750591e-01
  2.002002002002e-02  1.702604622625e-01  1.614140294639e-01
  2.102102102102e-02  1.774023658109e-01  1.685660625385e-01
  2.202202202202e-02  1.844630656461e-01  1.756368912217e-01
  2.302302302302e-02  1.914433705631e-01  1.826273243156e-01
  2.402402402402e-02  1.983440813016e-01  1.895381625663e-01
  2.502502502503e-02  2.051659906257e-01  1.963701987446e-01
  2.602602602603e-02  2.119098834034e-01  2.031242177251e-01
  2.702702702703e-02  2.185765366856e-01  2.098009965651e-01
  2.802802802803e-02  2.251667197836e-01  2.164013045823e-01
  2.902902902903e-02  2.316811943462e-01  2.229259034321e-01
  3.003003003003e-02  2.381207144363e-01  2.293755471834e-01
  3.103103103103e-02  2.444860266061e-01  2.357509823948e-01
  3.203203203203e-02  2.507778699723e-01  2.420529481891e-01
  3.303303303303e-02  2.569969762897e-01  2.482821763273e-01
  3.403403403403e-02  2.631440700249e-01  2.544393912820e-01
  3.503503503504e-02  2.692198684288e-01  2.605253103100e-01
  3.603603603604e-02  2.752250816082e-01  2.665406435242e-01
  3.703703703704e-02  2.811604125976e-01  2.724860939647e-01
  3.803803803804e-02  2.870265574287e-01  2.783623576694e-01
  3.903903903904e-02  2.928242052011e-01  2.841701237434e-01
  4.004004004004e-02  2.985540381507e-01  2.899100744283e-01
  4.104104104104e-02  3.042167317184e-01  2.955828851707e-01
  4.204204204204e-02  3.098129546175e-01  3.011892246894e-01
  4.304304304304e-02  3.153433689009e-01  3.067297550430e-01
  4.404404404404e-02  3.208086300276e-01  3.122051316959e-01
  4.504504504505e-02  3.262093869280e-01  3.176160035837e-01
  4.604604604605e-02  3.315462820691e-01  3.229630131791e-01
  4.704704704705e-02  3.368199515189e-01  3.282467965552e-01
  4.804804804805e-02  3.420310250101e-01  3.334679834500e-01
  4.904904904905e-02  3.471801260033e-01  3.386271973294e-01
  5.005005005005e-02  3.522678717494e-01  3.437250554493e-01
  5.105105105105e-02  3.572948733512e-01  3.487621689178e-01
  5.205205205205e-02  3.622617358251e-01  3.537391427561e-01
  5.305305305305e-02  3.671690581614e-01  3.586565759598e-01
  5.405405405405e-02  3.720174333846e-01  3.635150615580e-01
  5.505505505506e-02  3.768074486122e-01  3.683151866734e-01
  5.605605605606e-02  3.815396851144e-01  3.730575325810e-01
  5.705705705706e-02  3.862147183717e-01  3.777426747659e-01
  5.805805805806e-02  3.908331181327e-01  3.823711829817e-01
  5.905905905906e-02  3.953954484715e-01  3.869436213072e-01
  6.006006006006e-02  3.999022678438e-01  3.914605482025e-01
  6.106106106106e-02  4.043541291431e-01  3.959225165660e-01
  6.206206206206e-02  4.087515797559e-01  4.003300737887e-01
  6.306306306306e-02  4.130951616170e-01  4.046837618097e-01
  6.406406406406e-02  4.173854112631e-01  4.089841171706e-01
  6.506506506507e-02  4.216228598872e-01  4.132316710685e-01
  6.606606606607e-02  4.258080333916e-01  4.174269494102e-01
  6.706706706707e-02  4.299414524405e-01  4.215704728643e-01
  6.806806806807e-02  4.340236325121e-01  4.256627569132e-01
  6.906906906907e-02  4.380550839507e-01  4.297043119055e-01
  7.007007007007e-02  4.420363120173e-01  4.336956431065e-01
  7.107107107107e-02  4.459678169405e-01  4.376372507489e-01
  7.207207207207e-02  4.498500939666e-01  4.415296300832e-01
  7.307307307307e-02  4.536836334094e-01  4.453732714271e-01
  7.407407407407e-02  4.574689206988e-01  4.491686602147e-01
  7.507507507508e-02  4.612064364300e-01  4.529162770453e-01
  7.607607607608e-02  4.648966564113e-01  4.566165977310e-01
  7.707707707708e-02  4.685400517121e-01  4.602700933453e-01
  7.807807807808e-02  4.721370887098e-01  4.638772302693e-01
  7.907907907908e-02  4.756882291366e-01  4.674384702392e-01
  8.008008008008e-02  4.791939301259e-01  4.709542703922e-01
  8.108108108108e-02  4.826546442579e-01  4.744250833122e-01
  8.208208208208e-02  4.860708196052e-01  4.778513570757e-01
  8.308308308308e-02  4.894428997775e-01  4.812335352960e-01
  8.408408408408e-02  4.927713239662e-01  4.845720571681e-01
  8.508508508509e-02  4.960565269881e-01  4.878673575125e-01
  8.608608608609e-02  4.992989393295e-01  4.911198668191e-01
  8.708708708709e-02  5.024989871887e-01  4.943300112898e-01
  8.808808808809e-02  5.056570925192e-01  4.974982128816e-01
  8.908908908909e-02  5.087736730719e-01  5.006248893488e-01
  9.009009009009e-02  5.118491424367e-01  5.037104542848e-01
  9.109109109109e-02  5.148839100842e-01  5.067553171637e-01
  9.209209209209e-02  5.178783814067e-01  5.097598833810e-01
  9.309309309309e-02  5.208329577585e-01  5.127245542946e-01
  9.409409409409e-02  5.237480364967e-01  5.156497272648e-01
  9.509509509510e-02  5.266240110205e-01  5.185357956940e-01
  9.609609609610e-02  5.294612708109e-01  5.213831490666e-01
  9.709709709710e-02  5.322602014696e-01  5.241921729875e-01
  9.809809809810e-02  5.350211847578e-01  5.269632492208e-01
  9.909909909910e-02  5.377445986340e-01  5.296967557286e-01
  1.001001001001e-01  5.404308172926e-01  5.323930667082e-01
  1.011011011011e-01  5.430802112007e-01  5.350525526298e-01
  1.021021021021e-01  5.456931471357e-01  5.376755802738e-01
  1.031031031031e-01  5.482699882218e-01  5.402625127676e-01
  1.041041041041e-01  5.508110939664e-01  5.428137096215e-01
  1.051051051051e-01  5.533168202963e-01  5.453295267653e-01
  1.061061061061e-01  5.557875195932e-01  5.478103165835e-01
  1.071071071071e-01  5.582235407291e-01  5.502564279512e-01
  1.081081081081e-01  5.606252291009e-01  5.526682062681e-01
  1.091091091091e-01  5.629929266658e-01  5.550459934943e-01
  1.101101101101e-01  5.653269719747e-01  5.573901281835e-01
  1.111111111111e-01  5.676277002067e-01  5.597009455176e-01
  1.121121121121e-01  5.698954432024e-01  5.619787773400e-01
  1.131131131131e-01  5.721305294974e-01  5.642239521890e-01
  1.141141141141e-01  5.743332843548e-01  5.664367953304e-01
  1.151151151151e-01  5.765040297982e-01  5.686176287906e-01
  1.161161161161e-01  5.786430846439e-01  5.707667713884e-01
  1.171171171171e-01  5.807507645327e-01  5.728845387673e-01
  1.181181181181e-01  5.828273819614e-01  5.749712434268e-01
  1.191191191191e-01  5.848732463147e-01  5.770271947541e-01
  1.201201201201e-01  5.868886638955e-01  5.790526990546e-01
  1.211211211211e-01  5.888739379559e-01  5.810480595831e-01
  1.221221221221e-01  5.908293687278e-01  5.830135765738e-01
  1.231231231231e-01  5.927552534526e-01  5.849495472708e-01
  1.241241241241e-01  5.946518864112e-01  5.868562659572e-01
  1.251251251251e-01  5.965195589533e-01  5.887340239854e-01
  1.261261261261e-01  5.983585595271e-01  5.905831098058e-01
  1.271271271271e-01  6.001691737074e-01  5.924038089958e-01
  1.281281281281e-01  6.019516842250e-01  5.941964042883e-01
  1.291291291291e-01  6.037063709944e-01  5.959611756004e-01
  1.301301301301e-01  6.054335111424e-01  5.976984000610e-01
  1.311311311311e-01  6.071333790353e-01  5.994083520388e-01
  1.321321321321e-01  6.088062463070e-01  6.010913031699e-01
  1.331331331331e-01  6.104523818857e-01  6.027475223849e-01
  1.341341341341e-01  6.120720520211e-01  6.043772759355e-01
  1.351351351351e-01  6.136655203111e-01  6.059808274219e-01
  1.361361361361e-01  6.152330477280e-01  6.075584378186e-01
  1.371371371371e-01  6.167748926449e-01  6.091103655009e-01
  1.381381381381e-01  6.182913108615e-01  6.106368662706e-01
  1.391391391391e-01  6.197825556296e-01  6.121381933816e-01
  1.401401401401e-01  6.212488776789e-01  6.136145975656e-01
  1.411411411411e-01  6.226905252413e-01  6.150663270568e-01
  1.421421421421e-01  6.241077440768e-01  6.164936276170e-01
  1.431431431431e-01  6.255007774972e-01  6.178967425603e-01
  1.441441441441e-01  6.268698663913e-01  6.192759127772e-01
  1.451451451451e-01  6.282152492483e-01  6.206313767591e-01
  1.461461461461e-01  6.295371621821e-01  6.219633706219e-01
  1.471471471471e-01  6.308358389550e-01  6.232721281298e-01
  1.481481481481e-01  6.321115110010e-01  6.245578807185e-01
  1.491491491491e-01  6.333644074488e-01  6.258208575190e-01
  1.501501501502e-01  6.345947551452e-01  6.270612853798e-01
  1.511511511512e-01  6.358027786775e-01  6.282793888900e-01
  1.521521521522e-01  6.369887003960e-01  6.294753904020e-01
  1.531531531532e-01  6.381527404366e-01  6.306495100532e-01
  1.541541541542e-01  6.392951167423e-01  6.318019657887e-01
  1.551551551552e-01  6.404160450857e-01  6.329329733829e-01
  1.561561561562e-01  6.415157390901e-01  6.340427464607e-01
  1.571571571572e-01  6.425944102512e-01  6.351314965196e-01
  1.581581581582e-01  6.436522679580e-01  6.361994329505e-01
  1.591591591592e-01  6.446895195142e-01  6.372467630587e-01
  1.601601601602e-01  6.457063701586e-01  6.382736920848e-01
  1.611611611612e-01  6.467030230859e-01  6.392804232251e-01
  1.621621621622e-01  6.476796794669e-01  6.402671576521e-01
  1.631631631632e-01  6.486365384687e-01  6.412340945346e-01
  1.641641641642e-01  6.495737972746e-01  6.421814310576e-01
  1.651651651652e-01  6.504916511043e-01  6.431093624423e-01
  1.661661661662e-01  6.513902932327e-01  6.440180819653e-01
  1.671671671672e-01  6.522699150098e-01  6.449077809782e-01
  1.681681681682e-01  6.531307058798e-01  6.457786489268e-01
  1.691691691692e-01  6.539728534000e-01  6.466308733699e-01
  1.701701701702e-01  6.547965432595e-01  6.474646399982e-01
  1.711711711712e-01  6.556019592982e-01  6.482801326529e-01
  1.721721721722e-01  6.563892835245e-01  6.490775333444e-01
  1.731731731732e-01  6.571586961344e-01  6.498570222699e-01
  1.741741741742e-01  6.579103755290e-01  6.506187778319e-01
  1.751751751752e-01  6.586444983324e-01  6.513629766562e-01
  1.761761761762e-01  6.593612394096e-01  6.520897936091e-01
  1.771771771772e-01  6.600607718840e-01  6.527994018155e-01
  1.781781781782e-01  6.607432671545e-01  6.534919726758e-01
  1.791791791792e-01  6.614088949130e-01  6.541676758832e-01
  1.801801801802e-01  6.620578231612e-01  6.548266794409e-01
  1.811811811812e-01  6.626902182275e-01  6.554691496787e-01
  1.821821821822e-01  6.633062447837e-01  6.560952512696e-01
  1.831831831832e-01  6.639060658614e-01  6.567051472468e-01
  1.841841841842e-01  6.644898428684e-01  6.572989990192e-01
  1.851851851852e-01  6.650577356049e-01  6.578769663885e-01
  1.861861861862e-01  6.656099022793e-01  6.584392075645e-01
  1.871871871872e-01  6.661464995246e-01  6.589858791813e-01
  1.881881881882e-01  6.666676824134e-01  6.595171363129e-01
  1.891891891892e-01  6.671736044739e-01  6.600331324887e-01
  1.901901901902e-01  6.676644177050e-01  6.605340197091e-01
  1.911911911912e-01  6.681402725920e-01  6.610199484604e-01
  1.921921921922e-01  6.686013181210e-01  6.614910677301e-01
  1.931931931932e-01  6.690477017944e-01  6.619475250217e-01
  1.941941941942e-01  6.694795696454e-01  6.623894663697e-01
  1.951951951952e-01  6.698970662527e-01  6.628170363541e-01
  1.961961961962e-01  6.703003347550e-01  6.632303781146e-01
  1.971971971972e-01  6.706895168653e-01  6.636296333655e-01
  1.981981981982e-01  6.710647528852e-01  6.640149424095e-01
  1.991991991992e-01  6.714261817187e-01  6.643864441518e-01
  2.002002002002e-01  6.717739408865e-01  6.647442761144e-01
  2.012012012012e-01  6.721081665396e-01  6.650885744491e-01
  2.022022022022e-01  6.724289934727e-01  6.654194739521e-01
  2.032032032032e-01  6.727365551382e-01  6.657371080766e-01
  2.042042042042e-01  6.730309836591e-01  6.660416089469e-01
  2.052052052052e-01  6.733124098426e-01  6.663331073712e-01
  2.062062062062e-01  6.735809631929e-01  6.666117328549e-01
  2.072072072072e-01  6.738367719244e-01  6.668776136133e-01
  2.082082082082e-01  6.740799629746e-01  6.671308765851e-01
  2.092092092092e-01  6.743106620164e-01  6.673716474442e-01
  2.102102102102e-01  6.745289934713e-01  6.676000506130e-01
  2.112112112112e-01  6.747350805214e-01  6.678162092749e-01
  2.122122122122e-01  6.749290451218e-01  6.680202453858e-01
  2.132132132132e-01  6.751110080132e-01  6.682122796875e-01
  2.142142142142e-01  6.752810887334e-01  6.683924317187e-01
  2.152152152152e-01  6.754394056297e-01  6.685608198279e-01
  2.162162162162e-01  6.755860758709e-01  6.687175611847e-01
  2.172172172172e-01  6.757212154583e-01  6.688627717915e-01
  2.182182182182e-01  6.758449392383e-01  6.689965664955e-01
  2.192192192192e-01  6.759573609132e-01  6.691190590000e-01
  2.202202202202e-01  6.760585930527e-01  6.692303618757e-01
  2.212212212212e-01  6.761487471056e-01  6.693305865723e-01
  2.222222222222e-01  6.762279334104e-01  6.694198434292e-01
  2.232232232232e-01  6.762962612067e-01  6.694982416869e-01
  2.242242242242e-01  6.763538386461e-01  6.695658894980e-01
  2.252252252252e-01  6.764007728029e-01  6.696228939376e-01
  2.262262262262e-01  6.764371696852e-01  6.696693610147e-01
  2.272272272272e-01  6.764631342449e-01  6.697053956821e-01
  2.282282282282e-01  6.764787703887e-01  6.697311018474e-01
  2.292292292292e-01  6.764841809886e-01  6.697465823834e-01
  2.302302302302e-01  6.764794678916e-01  6.697519391380e-01
  2.312312312312e-01  6.764647319307e-01  6.697472729449e-01
  2.322322322322e-01  6.764400729342e-01  6.697326836334e-01
  2.332332332332e-01  6.764055897364e-01  6.697082700386e-01
  2.342342342342e-01  6.763613801871e-01  6.696741300110e-01
  2.352352352352e-01  6.763075411614e-01  6.696303604267e-01
  2.362362362362e-01  6.762441685698e-01  6.695770571968e-01
  2.372372372372e-01  6.761713573672e-01  6.695143152771e-01
  2.382382382382e-01  6.760892015629e-01  6.694422286777e-01
  2.392392392392e-01  6.759977942299e-01  6.693608904724e-01
  2.402402402402e-01  6.758972275142e-01  6.692703928078e-01
  2.412412412412e-01  6.757875926438e-01  6.691708269129e-01
  2.422422422422e-01  6.756689799383e-01  6.690622831078e-01
  2.432432432432e-01  6.755414788176e-01  6.689448508134e-01
  2.442442442442e-01  6.754051778111e-01  6.688186185596e-01
  2.452452452452e-01  6.752601645661e-01  6.686836739948e-01
  2.462462462462e-01  6.751065258574e-01  6.685401038941e-01
  2.472472472472e-01  6.749443475952e-01  6.683879941686e-01
  2.482482482482e-01  6.747737148341e-01  6.682274298736e-01
  2.492492492492e-01  6.745947117815e-01  6.680584952172e-01
  2.502502502503e-01  6.744074218063e-01  6.678812735690e-01
  2.512512512513e-01  6.742119274467e-01  6.676958474679e-01
  2.522522522523e-01  6.740083104191e-01  6.675022986310e-01
  2.532532532533e-01  6.737966516259e-01  6.673007079613e-01
  2.542542542543e-01  6.735770311636e-01  6.670911555561e-01
  2.552552552553e-01  6.733495283312e-01  6.668737207149e-01
  2.562562562563e-01  6.731142216375e-01  6.666484819474e-01
  2.572572572573e-01  6.728711888098e-01  6.664155169812e-01
  2.582582582583e-01  6.726205068008e-01  6.661749027699e-01
  2.592592592593e-01  6.723622517970e-01  6.659267155006e-01
  2.602602602603e-01  6.720964992261e-01  6.656710306015e-01
  2.612612612613e-01  6.718233237642e-01  6.654079227495e-01
  2.622622622623e-01  6.715427993441e-01  6.651374658779e-01
  2.632632632633e-01  6.712549991619e-01  6.648597331834e-01
  2.642642642643e-01  6.709599956847e-01  6.645747971338e-01
  2.652652652653e-01  6.706578606579e-01  6.642827294751e-01
  2.662662662663e-01  6.703486651124e-01  6.639836012387e-01
  2.672672672673e-01  6.700324793713e-01  6.636774827483e-01
  2.682682682683e-01  6.697093730576e-01  6.633644436276e-01
  2.692692692693e-01  6.693794151008e-01  6.630445528065e-01
  2.702702702703e-01  6.690426737436e-01  6.627178785284e-01
  2.712712712713e-01  6.686992165493e-01  6.623844883572e-01
  2.722722722723e-01  6.683491104082e-01  6.620444491836e-01
  2.732732732733e-01  6.679924215443e-01  6.616978272321e-01
  2.742742742743e-01  6.676292155219e-01  6.613446880679e-01
  2.752752752753e-01  6.672595572526e-01  6.609850966028e-01
  2.762762762763e-01  6.668835110011e-01  6.606191171022e-01
  2.772772772773e-01  6.665011403922e-01  6.602468131914e-01
  2.782782782783e-01  6.661125084171e-01  6.598682478621e-01
  2.792792792793e-01  6.657176774395e-01  6.594834834785e-01
  2.802802802803e-01  6.653167092018e-01  6.590925817836e-01
  2.812812812813e-01  6.649096648316e-01  6.586956039055e-01
  2.822822822823e-01  6.644966048477e-01  6.582926103634e-01
  2.832832832833e-01  6.640775891661e-01  6.578836610739e-01
  2.842842842843e-01  6.636526771060e-01  6.574688153567e-01
  2.852852852853e-01  6.632219273957e-01  6.570481319405e-01
  2.862862862863e-01  6.627853981787e-01  6.566216689694e-01
  2.872872872873e-01  6.623431470194e-01  6.561894840081e-01
  2.882882882883e-01  6.618952309086e-01  6.557516340481e-01
  2.892892892893e-01  6.614417062698e-01  6.553081755133e-01
  2.902902902903e-01  6.609826289644e-01  6.548591642654e-01
  2.912912912913e-01  6.605180542972e-01  6.544046556099e-01
  2.922922922923e-01  6.600480370225e-01  6.539447043015e-01
  2.932932932933e-01  6.595726313491e-01  6.534793645493e-01
  2.942942942943e-01  6.590918909457e-01  6.530086900226e-01
  2.952952952953e-01  6.586058689468e-01  6.525327338563e-01
  2.962962962963e-01  6.581146179574e-01  6.520515486559e-01
  2.972972972973e-01  6.576181900587e-01  6.515651865028e-01
  2.982982982983e-01  6.571166368131e-01  6.510736989601e-01
  2.992992992993e-01  6.566100092694e-01  6.505771370770e-01
  3.003003003003e-01  6.560983579680e-01  6.500755513942e-01
  3.013013013013e-01  6.555817329460e-01  6.495689919492e-01
  3.023023023023e-01  6.550601837419e-01  6.490575082811e-01
  3.033033033033e-01  6.545337594011e-01  6.485411494355e-01
  3.043043043043e-01  6.540025084802e-01  6.480199639695e-01
  3.053053053053e-01  6.534664790524e-01  6.474939999567e-01
  3.063063063063e-01  6.529257187119e-01  6.469633049917e-01
  3.073073073073e-01  6.523802745790e-01  6.464279261953e-01
  3.083083083083e-01  6.518301933046e-01  6.458879102186e-01
  3.093093093093e-01  6.512755210751e-01  6.453433032484e-01
  3.103103103103e-01  6.507163036166e-01  6.447941510113e-01
  3.113113113113e-01  6.501525862000e-01  6.442404987786e-01
  3.123123123123e-01  6.495844136453e-01  6.436823913705e-01
  3.133133133133e-01  6.490118303260e-01  6.431198731610e-01
  3.143143143143e-01  6.484348801735e-01  6.425529880819e-01
  3.153153153153e-01  6.478536066819e-01  6.419817796275e-01
  3.163163163163e-01  6.472680529121e-01  6.414062908592e-01
  3.173173173173e-01  6.466782614958e-01  6.408265644090e-01
  3.183183183183e-01  6.460842746404e-01  6.402426424847e-01
  3.193193193193e-01  6.454861341327e-01  6.396545668734e-01
  3.203203203203e-01  6.448838813436e-01  6.390623789463e-01
  3.213213213213e-01  6.442775572315e-01  6.384661196623e-01
  3.223223223223e-01  6.436672023472e-01  6.378658295724e-01
  3.233233233233e-01  6.430528568375e-01  6.372615488238e-01
  3.243243243243e-01  6.424345604493e-01  6.366533171637e-01
  3.253253253253e-01  6.418123525337e-01  6.360411739435e-01
  3.263263263263e-01  6.411862720498e-01  6.354251581227e-01
  3.273273273273e-01  6.405563575686e-01  6.348053082726e-01
  3.283283283283e-01  6.399226472771e-01  6.341816625805e-01
  3.293293293293e-01  6.392851789819e-01  6.335542588533e-01
  3.303303303303e-01  6.386439901129e-01  6.329231345212e-01
  3.313313313313e-01  6.379991177273e-01  6.322883266418e-01
  3.323323323323e-01  6.373505985133e-01  6.316498719035e-01
  3.333333333333e-01  6.366984687935e-01  6.310078066293e-01
  3.343343343343e-01  6.360427645289e-01  6.303621667804e-01
  3.353353353353e-01  6.353835213221e-01  6.297129879599e-01
  3.363363363363e-01  6.347207744214e-01  6.290603054161e-01
  3.373373373373e-01  6.340545587237e-01  6.284041540464e-01
  3.383383383383e-01  6.333849087787e-01  6.277445684006e-01
  3.393393393393e-01  6.327118587915e-01  6.270815826844e-01
  3.403403403403e-01  6.320354426270e-01  6.264152307627e-01
  3.413413413413e-01  6.313556938125e-01  6.257455461631e-01
  3.423423423423e-01  6.306726455414e-01  6.250725620794e-01
  3.433433433433e-01  6.299863306766e-01  6.243963113748e-01
  3.443443443443e-01  6.292967817537e-01  6.237168265850e-01
  3.453453453453e-01  6.286040309840e-01  6.230341399217e-01
  3.463463463463e-01  6.279081102582e-01  6.223482832758e-01
  3.473473473473e-01  6.272090511494e-01  6.216592882207e-01
  3.483483483483e-01  6.265068849160e-01  6.209671860151e-01
  3.493493493493e-01  6.258016425053e-01  6.202720076065e-01
  3.503503503504e-01  6.250933545562e-01  6.195737836340e-01
  3.513513513514e-01  6.243820514025e-01  6.188725444318e-01
  3.523523523524e-01  6.236677630759e-01  6.181683200318e-01
  3.533533533534e-01  6.229505193089e-01  6.174611401667e-01
  3.543543543544e-01  6.222303495380e-01  6.167510342732e-01
  3.553553553554e-01  6.215072829064e-01  6.160380314949e-01
  3.563563563564e-01  6.207813482669e-01  6.153221606847e-01
  3.573573573574e-01  6.200525741853e-01  6.146034504087e-01
  3.583583583584e-01  6.193209889426e-01  6.138819289481e-01
  3.593593593594e-01  6.185866205381e-01  6.131576243025e-01
  3.603603603604e-01  6.178494966923e-01  6.124305641926e-01
  3.613613613614e-01  6.171096448497e-01  6.117007760631e-01
  3.623623623624e-01  6.163670921813e-01  6.109682870853e-01
  3.633633633634e-01  6.156218655876e-01  6.102331241598e-01
  3.643643643644e-01  6.148739917010e-01  6.094953139193e-01
  3.653653653654e-01  6.141234968888e-01  6.087548827313e-01
  3.663663663664e-01  6.133704072556e-01  6.080118567007e-01
  3.673673673674e-01  6.126147486460e-01  6.072662616722e-01
  3.683683683684e-01  6.118565466473e-01  6.065181232333e-01
  3.693693693694e-01  6.110958265917e-01  6.057674667166e-01
  3.703703703704e-01  6.103326135593e-01  6.050143172023e-01
  3.713713713714e-01  6.095669323804e-01  6.042586995208e-01
  3.723723723724e-01  6.087988076379e-01  6.035006382553e-01
  3.733733733734e-01  6.080282636698e-01  6.027401577440e-01
  3.743743743744e-01  6.072553245719e-01  6.019772820829e-01
  3.753753753754e-01  6.064800141998e-01  6.012120351278e-01
  3.763763763764e-01  6.057023561715e-01  6.004444404970e-01
  3.773773773774e-01  6.049223738700e-01  5.996745215735e-01
  3.783783783784e-01  6.041400904452e-01  5.989023015075e-01
  3.793793793794e-01  6.033555288163e-01  5.981278032184e-01
  3.803803803804e-01  6.025687116746e-01  5.973510493976e-01
  3.813813813814e-01  6.017796614851e-01  5.965720625104e-01
  3.823823823824e-01  6.009884004891e-01  5.957908647982e-01
  3.833833833834e-01  6.001949507064e-01  5.950074782810e-01
  3.843843843844e-01  5.993993339375e-01  5.942219247596e-01
  3.853853853854e-01  5.986015717657e-01  5.934342258174e-01
  3.863863863864e-01  5.978016855595e-01  5.926444028230e-01
  3.873873873874e-01  5.969996964744e-01  5.918524769321e-01
  3.883883883884e-01  5.961956254552e-01  5.910584690898e-01
  3.893893893894e-01  5.953894932381e-01  5.902624000323e-01
  3.903903903904e-01  5.945813203528e-01  5.894642902897e-01
  3.913913913914e-01  5.937711271246e-01  5.886641601872e-01
  3.923923923924e-01  5.929589336761e-01  5.878620298478e-01
  3.933933933934e-01  5.921447599298e-01  5.870579191940e-01
  3.943943943944e-01  5.913286256096e-01  5.862518479499e-01
  3.953953953954e-01  5.905105502429e-01  5.854438356432e-01
  3.963963963964e-01  5.896905531628e-01  5.846339016069e-01
  3.973973973974e-01  5.888686535095e-01  5.838220649816e-01
  3.983983983984e-01  5.880448702329e-01  5.830083447173e-01
  3.993993993994e-01  5.872192220941e-01  5.821927595752e-01
  4.004004004004e-01  5.863917276672e-01  5.813753281295e-01
  4.014014014014e-01  5.855624053413e-01  5.805560687697e-01
  4.024024024024e-01  5.847312733225e-01  5.797349997018e-01
  4.034034034034e-01  5.838983496355e-01  5.789121389507e-01
  4.044044044044e-01  5.830636521253e-01  5.780875043617e-01
  4.054054054054e-01  5.822271984596e-01  5.772611136024e-01
  4.064064064064e-01  5.813890061295e-01  5.764329841643e-01
  4.074074074074e-01  5.805490924525e-01  5.756031333649e-01
  4.084084084084e-01  5.797074745733e-01  5.747715783490e-01
  4.094094094094e-01  5.788641694657e-01  5.739383360907e-01
  4.104104104104e-01  5.780191939349e-01  5.731034233952e-01
  4.114114114114e-01  5.771725646182e-01  5.722668569000e-01
  4.124124124124e-01  5.763242979876e-01  5.714286530772e-01
  4.134134134134e-01  5.754744103508e-01  5.705888282347e-01
  4.144144144144e-01  5.746229178531e-01  5.697473985179e-01
  4.154154154154e-01  5.737698364791e-01  5.689043799116e-01
  4.164164164164e-01  5.729151820541e-01  5.680597882411e-01
  4.174174174174e-01  5.720589702459e-01  5.672136391744e-01
  4.184184184184e-01  5.712012165661e-01  5.663659482231e-01
  4.194194194194e-01  5.703419363718e-01  5.655167307447e-01
  4.204204204204e-01  5.694811448672e-01  5.646660019434e-01
  4.214214214214e-01  5.686188571052e-01  5.638137768721e-01
  4.224224224224e-01  5.677550879885e-01  5.629600704338e-01
  4.234234234234e-01  5.668898522716e-01  5.621048973830e-01
  4.244244244244e-01  5.660231645618e-01  5.612482723273e-01
  4.254254254254e-01  5.651550393213e-01  5.603902097288e-01
  4.264264264264e-01  5.642854908678e-01  5.595307239054e-01
  4.274274274274e-01  5.634145333767e-01  5.586698290327e-01
  4.284284284284e-01  5.625421808822e-01  5.578075391448e-01
  4.294294294294e-01  5.616684472785e-01  5.569438681363e-01
  4.304304304304e-01  5.607933463216e-01  5.560788297632e-01
  4.314314314314e-01  5.599168916304e-01  5.552124376445e-01
  4.324324324324e-01  5.590390966884e-01  5.543447052637e-01
  4.334334334334e-01  5.581599748443e-01  5.534756459698e-01
  4.344344344344e-01  5.572795393144e-01  5.526052729791e-01
  4.354354354354e-01  5.563978031830e-01  5.517335993761e-01
  4.364364364364e-01  5.555147794041e-01  5.508606381148e-01
  4.374374374374e-01  5.546304808030e-01  5.499864020206e-01
  4.384384384384e-01  5.537449200768e-01  5.491109037909e-01
  4.394394394394e-01  5.528581097965e-01  5.482341559966e-01
  4.404404404404e-01  5.519700624077e-01  5.473561710834e-01
  4.414414414414e-01  5.510807902321e-01  5.464769613733e-01
  4.424424424424e-01  5.501903054687e-01  5.455965390652e-01
  4.434434434434e-01  5.492986201949e-01  5.447149162367e-01
  4.444444444444e-01  5.484057463680e-01  5.438321048451e-01
  4.454454454454e-01  5.475116958259e-01  5.429481167286e-01
  4.464464464464e-01  5.466164802889e-01  5.420629636074e-01
  4.474474474474e-01  5.457201113605e-01  5.411766570851e-01
  4.484484484484e-01  5.448226005284e-01  5.402892086497e-01
  4.494494494494e-01  5.439239591661e-01  5.394006296746e-01
  4.504504504505e-01  5.430241985339e-01  5.385109314202e-01
  4.514514514515e-01  5.421233297796e-01  5.376201250346e-01
  4.524524524525e-01  5.412213639404e-01  5.367282215547e-01
  4.534534534535e-01  5.403183119431e-01  5.358352319079e-01
  4.544544544545e-01  5.394141846062e-01  5.349411669123e-01
  4.554554554555e-01  5.385089926399e-01  5.340460372786e-01
  4.564564564565e-01  5.376027466482e-01  5.331498536105e-01
  4.574574574575e-01  5.366954571292e-01  5.322526264065e-01
  4.584584584585e-01  5.357871344764e-01  5.313543660601e-01
  4.594594594595e-01  5.348777889800e-01  5.304550828616e-01
  4.604604604605e-01  5.339674308277e-01  5.295547869986e-01
  4.614614614615e-01  5.330560701054e-01  5.286534885573e-01
  4.624624624625e-01  5.321437167990e-01  5.277511975236e-01
  4.634634634635e-01  5.312303807945e-01  5.268479237836e-01
  4.644644644645e-01  5.303160718799e-01  5.259436771253e-01
  4.654654654655e-01  5.294007997452e-01  5.250384672390e-01
  4.664664664665e-01  5.284845739843e-01  5.241323037184e-01
  4.674674674675e-01  5.275674040953e-01  5.232251960619e-01
  4.684684684685e-01  5.266492994819e-01  5.223171536732e-01
  4.694694694695e-01  5.257302694540e-01  5.214081858622e-01
  4.704704704705e-01  5.248103232287e-01  5.204983018462e-01
  4.714714714715e-01  5.238894699314e-01  5.195875107507e-01
  4.724724724725e-01  5.229677185968e-01  5.186758216103e-01
  4.734734734735e-01  5.220450781692e-01  5.177632433696e-01
  4.744744744745e-01  5.211215575042e-01  5.168497848840e-01
  4.754754754755e-01  5.201971653689e-01  5.159354549209e-01
  4.764764764765e-01  5.192719104433e-01  5.150202621602e-01
  4.774774774775e-01  5.183458013208e-01  5.141042151956e-01
  4.784784784785e-01  5.174188465093e-01  5.131873225349e-01
  4.794794794795e-01  5.164910544319e-01  5.122695926013e-01
  4.804804804805e-01  5.155624334279e-01  5.113510337341e-01
  4.814814814815e-01  5.146329917534e-01  5.104316541896e-01
  4.824824824825e-01  5.137027375823e-01  5.095114621418e-01
  4.834834834835e-01  5.127716790073e-01  5.085904656833e-01
  4.844844844845e-01  5.118398240401e-01  5.076686728260e-01
  4.854854854855e-01  5.109071806130e-01  5.067460915022e-01
  4.864864864865e-01  5.099737565791e-01  5.058227295650e-01
  4.874874874875e-01  5.090395597133e-01  5.048985947895e-01
  4.884884884885e-01  5.081045977129e-01  5.039736948730e-01
  4.894894894895e-01  5.071688781989e-01  5.030480374366e-01
  4.904904904905e-01  5.062324087162e-01  5.021216300252e-01
  4.914914914915e-01  5.052951967344e-01  5.011944801086e-01
  4.924924924925e-01  5.043572496489e-01  5.002665950821e-01
  4.934934934935e-01  5.034185747814e-01  4.993379822675e-01
  4.944944944945e-01  5.024791793807e-01  4.984086489137e-01
  4.954954954955e-01  5.015390706234e-01  4.974786021973e-01
  4.964964964965e-01  5.005982556145e-01  4.965478492234e-01
  4.974974974975e-01  4.996567413883e-01  4.956163970265e-01
  4.984984984985e-01  4.987145349091e-01  4.946842525707e-01
  4.994994994995e-01  4.977716430718e-01  4.937514227511e-01
  5.005005005005e-01  4.968280727026e-01  4.928179143940e-01
  5.015015015015e-01  4.958838305598e-01  4.918837342576e-01
  5.025025025025e-01  4.949389233343e-01  4.909488890329e-01
  5.035035035035e-01  4.939933576503e-01  4.900133853443e-01
  5.045045045045e-01  4.930471400661e-01  4.890772297501e-01
  5.055055055055e-01  4.921002770747e-01  4.881404287432e-01
  5.065065065065e-01  4.911527751044e-01  4.872029887522e-01
  5.075075075075e-01  4.902046405196e-01  4.862649161412e-01
  5.085085085085e-01  4.892558796210e-01  4.853262172113e-01
  5.095095095095e-01  4.883064986468e-01  4.843868982007e-01
  5.105105105105e-01  4.873565037730e-01  4.834469652853e-01
  5.115115115115e-01  4.864059011142e-01  4.825064245798e-01
  5.125125125125e-01  4.854546967238e-01  4.815652821377e-01
  5.135135135135e-01  4.845028965953e-01  4.806235439525e-01
  5.145145145145e-01  4.835505066620e-01  4.796812159577e-01
  5.155155155155e-01  4.825975327987e-01  4.787383040279e-01
  5.165165165165e-01  4.816439808213e-01  4.777948139791e-01
  5.175175175175e-01  4.806898564877e-01  4.768507515695e-01
  5.185185185185e-01  4.797351654989e-01  4.759061224998e-01
  5.195195195195e-01  4.787799134985e-01  4.749609324140e-01
  5.205205205205e-01  4.778241060745e-01  4.740151868998e-01
  5.215215215215e-01  4.768677487588e-01  4.730688914894e-01
  5.225225225225e-01  4.759108470285e-01  4.721220516597e-01
  5.235235235235e-01  4.749534063058e-01  4.711746728333e-01
  5.245245245245e-01  4.739954319593e-01  4.702267603785e-01
  5.255255255255e-01  4.730369293038e-01  4.692783196104e-01
  5.265265265265e-01  4.720779036014e-01  4.683293557910e-01
  5.275275275275e-01  4.711183600617e-01  4.673798741299e-01
  5.285285285285e-01  4.701583038423e-01  4.664298797849e-01
  5.295295295295e-01  4.691977400496e-01  4.654793778624e-01
  5.305305305305e-01  4.682366737390e-01  4.645283734177e-01
  5.315315315315e-01  4.672751099157e-01  4.635768714562e-01
  5.325325325325e-01  4.663130535349e-01  4.626248769331e-01
  5.335335335335e-01  4.653505095025e-01  4.616723947543e-01
  5.345345345345e-01  4.643874826757e-01  4.607194297771e-01
  5.355355355355e-01  4.634239778630e-01  4.597659868099e-01
  5.365365365365e-01  4.624599998252e-01  4.588120706138e-01
  5.375375375375e-01  4.614955532757e-01  4.578576859020e-01
  5.385385385385e-01  4.605306428809e-01  4.569028373411e-01
  5.395395395395e-01  4.595652732607e-01  4.559475295509e-01
  5.405405405405e-01  4.585994489891e-01  4.549917671055e-01
  5.415415415415e-01  4.576331745944e-01  4.540355545333e-01
  5.425425425425e-01  4.566664545599e-01  4.530788963175e-01
  5.435435435435e-01  4.556992933242e-01  4.521217968969e-01
  5.445445445445e-01  4.547316952817e-01  4.511642606658e-01
  5.455455455455e-01  4.537636647830e-01  4.502062919748e-01
  5.465465465465e-01  4.527952061353e-01  4.492478951314e-01
  5.475475475475e-01  4.518263236032e-01  4.482890744000e-01
  5.485485485485e-01  4.508570214085e-01  4.473298340025e-01
  5.495495495495e-01  4.498873037312e-01  4.463701781188e-01
  5.505505505506e-01  4.489171747093e-01  4.454101108872e-01
  5.515515515516e-01  4.479466384400e-01  4.444496364048e-01
  5.525525525526e-01  4.469756989795e-01  4.434887587278e-01
  5.535535535536e-01  4.460043603436e-01  4.425274818721e-01
  5.545545545546e-01  4.450326265081e-01  4.415658098134e-01
  5.555555555556e-01  4.440605014092e-01  4.406037464882e-01
  5.565565565566e-01  4.430879889440e-01  4.396412957933e-01
  5.575575575576e-01  4.421150929706e-01  4.386784615871e-01
  5.585585585586e-01  4.411418173088e-01  4.377152476893e-01
  5.595595595596e-01  4.401681657403e-01  4.367516578817e-01
  5.605605605606e-01  4.391941420093e-01  4.357876959084e-01
  5.615615615616e-01  4.382197498224e-01  4.348233654762e-01
  5.625625625626e-01  4.372449928495e-01  4.338586702549e-01
  5.635635635636e-01  4.362698747239e-01  4.328936138779e-01
  5.645645645646e-01  4.352943990427e-01  4.319281999424e-01
  5.655655655656e-01  4.343185693673e-01  4.309624320096e-01
  5.665665665666e-01  4.333423892233e-01  4.299963136054e-01
  5.675675675676e-01  4.323658621016e-01  4.290298482205e-01
  5.685685685686e-01  4.313889914579e-01  4.280630393108e-01
  5.695695695696e-01  4.304117807139e-01  4.270958902980e-01
  5.705705705706e-01  4.294342332570e-01  4.261284045693e-01
  5.715715715716e-01  4.284563524408e-01  4.251605854787e-01
  5.725725725726e-01  4.274781415856e-01  4.241924363463e-01
  5.735735735736e-01  4.264996039787e-01  4.232239604594e-01
  5.745745745746e-01  4.255207428744e-01  4.222551610725e-01
  5.755755755756e-01  4.245415614950e-01  4.212860414078e-01
  5.765765765766e-01  4.235620630303e-01  4.203166046551e-01
  5.775775775776e-01  4.225822506385e-01  4.193468539727e-01
  5.785785785786e-01  4.216021274463e-01  4.183767924874e-01
  5.795795795796e-01  4.206216965495e-01  4.174064232948e-01
  5.805805805806e-01  4.196409610126e-01  4.164357494597e-01
  5.815815815816e-01  4.186599238701e-01  4.154647740163e-01
  5.825825825826e-01  4.176785881258e-01  4.144934999687e-01
  5.835835835836e-01  4.166969567538e-01  4.135219302910e-01
  5.845845845846e-01  4.157150326988e-01  4.125500679277e-01
  5.855855855856e-01  4.147328188757e-01  4.115779157940e-01
  5.865865865866e-01  4.137503181707e-01  4.106054767760e-01
  5.875875875876e-01  4.127675334412e-01  4.096327537311e-01
  5.885885885886e-01  4.117844675161e-01  4.086597494882e-01
  5.895895895896e-01  4.108011231961e-01  4.076864668481e-01
  5.905905905906e-01  4.098175032540e-01  4.067129085837e-01
  5.915915915916e-01  4.088336104351e-01  4.057390774401e-01
  5.925925925926e-01  4.078494474572e-01  4.047649761353e-01
  5.935935935936e-01  4.068650170112e-01  4.037906073601e-01
  5.945945945946e-01  4.058803217610e-01  4.028159737786e-01
  5.955955955956e-01  4.048953643441e-01  4.018410780282e-01
  5.965965965966e-01  4.039101473717e-01  4.008659227201e-01
  5.975975975976e-01  4.029246734291e-01  3.998905104395e-01
  5.985985985986e-01  4.019389450755e-01  3.989148437460e-01
  5.995995995996e-01  4.009529648451e-01  3.979389251735e-01
  6.006006006006e-01  3.999667352465e-01  3.969627572307e-01
  6.016016016016e-01  3.989802587634e-01  3.959863424014e-01
  6.026026026026e-01  3.979935378549e-01  3.950096831446e-01
  6.036036036036e-01  3.970065749553e-01  3.940327818948e-01
  6.046046046046e-01  3.960193724751e-01  3.930556410623e-01
  6.056056056056e-01  3.950319328004e-01  3.920782630332e-01
  6.066066066066e-01  3.940442582936e-01  3.911006501703e-01
  6.076076076076e-01  3.930563512938e-01  3.901228048123e-01
  6.086086086086e-01  3.920682141166e-01  3.891447292749e-01
  6.096096096096e-01  3.910798490545e-01  3.881664258509e-01
  6.106106106106e-01  3.900912583773e-01  3.871878968099e-01
  6.116116116116e-01  3.891024443323e-01  3.862091443990e-01
  6.126126126126e-01  3.881134091440e-01  3.852301708432e-01
  6.136136136136e-01  3.871241550152e-01  3.842509783449e-01
  6.146146146146e-01  3.861346841264e-01  3.832715690849e-01
  6.156156156156e-01  3.851449986367e-01  3.822919452222e-01
  6.166166166166e-01  3.841551006835e-01  3.813121088942e-01
  6.176176176176e-01  3.831649923829e-01  3.803320622170e-01
  6.186186186186e-01  3.821746758300e-01  3.793518072858e-01
  6.196196196196e-01  3.811841530990e-01  3.783713461748e-01
  6.206206206206e-01  3.801934262435e-01  3.773906809376e-01
  6.216216216216e-01  3.792024972966e-01  3.764098136073e-01
  6.226226226226e-01  3.782113682710e-01  3.754287461967e-01
  6.236236236236e-01  3.772200411597e-01  3.744474806986e-01
  6.246246246246e-01  3.762285179355e-01  3.734660190860e-01
  6.256256256256e-01  3.752368005518e-01  3.724843633123e-01
  6.266266266266e-01  3.742448909424e-01  3.715025153113e-01
  6.276276276276e-01  3.732527910219e-01  3.705204769976e-01
  6.286286286286e-01  3.722605026857e-01  3.695382502667e-01
  6.296296296296e-01  3.712680278106e-01  3.685558369953e-01
  6.306306306306e-01  3.702753682544e-01  3.675732390412e-01
  6.316316316316e-01  3.692825258567e-01  3.665904582441e-01
  6.326326326326e-01  3.682895024385e-01  3.656074964250e-01
  6.336336336336e-01  3.672962998028e-01  3.646243553869e-01
  6.346346346346e-01  3.663029197346e-01  3.636410369148e-01
  6.356356356356e-01  3.653093640012e-01  3.626575427761e-01
  6.366366366366e-01  3.643156343521e-01  3.616738747203e-01
  6.376376376376e-01  3.633217325197e-01  3.606900344796e-01
  6.386386386386e-01  3.623276602189e-01  3.597060237691e-01
  6.396396396396e-01  3.613334191475e-01  3.587218442867e-01
  6.406406406406e-01  3.603390109866e-01  3.577374977133e-01
  6.416416416416e-01  3.593444374003e-01  3.567529857131e-01
  6.426426426426e-01  3.583497000362e-01  3.557683099339e-01
  6.436436436436e-01  3.573548005257e-01  3.547834720069e-01
  6.446446446446e-01  3.563597404838e-01  3.537984735470e-01
  6.456456456456e-01  3.553645215093e-01  3.528133161532e-01
  6.466466466466e-01  3.543691451851e-01  3.518280014086e-01
  6.476476476476e-01  3.533736130787e-01  3.508425308802e-01
  6.486486486486e-01  3.523779267414e-01  3.498569061199e-01
  6.496496496496e-01  3.513820877095e-01  3.488711286636e-01
  6.506506506507e-01  3.503860975039e-01  3.478852000322e-01
  6.516516516517e-01  3.493899576301e-01  3.468991217316e-01
  6.526526526527e-01  3.483936695791e-01  3.459128952524e-01
  6.536536536537e-01  3.473972348265e-01  3.449265220704e-01
  6.546546546547e-01  3.464006548336e-01  3.439400036469e-01
  6.556556556557e-01  3.454039310469e-01  3.429533414284e-01
  6.566566566567e-01  3.444070648987e-01  3.419665368472e-01
  6.576576576577e-01  3.434100578068e-01  3.409795913212e-01
  6.586586586587e-01  3.424129111752e-01  3.399925062543e-01
  6.596596596597e-01  3.414156263936e-01  3.390052830362e-01
  6.606606606607e-01  3.404182048380e-01  3.380179230430e-01
  6.616616616617e-01  3.394206478707e-01  3.370304276369e-01
  6.626626626627e-01  3.384229568404e-01  3.360427981667e-01
  6.636636636637e-01  3.374251330823e-01  3.350550359677e-01
  6.646646646647e-01  3.364271779185e-01  3.340671423618e-01
  6.656656656657e-01  3.354290926578e-01  3.330791186579e-01
  6.666666666667e-01  3.344308785960e-01  3.320909661518e-01
  6.676676676677e-01  3.334325370158e-01  3.311026861264e-01
  6.686686686687e-01  3.324340691874e-01  3.301142798516e-01
  6.696696696697e-01  3.314354763683e-01  3.291257485851e-01
  6.706706706707e-01  3.304367598034e-01  3.281370935717e-01
  6.716716716717e-01  3.294379207251e-01  3.271483160440e-01
  6.726726726727e-01  3.284389603537e-01  3.261594172222e-01
  6.736736736737e-01  3.274398798974e-01  3.251703983144e-01
  6.746746746747e-01  3.264406805521e-01  3.241812605166e-01
  6.756756756757e-01  3.254413635020e-01  3.231920050131e-01
  6.766766766767e-01  3.244419299195e-01  3.222026329762e-01
  6.776776776777e-01  3.234423809652e-01  3.212131455665e-01
  6.786786786787e-01  3.224427177883e-01  3.202235439332e-01
  6.796796796797e-01  3.214429415264e-01  3.192338292140e-01
  6.806806806807e-01  3.204430533058e-01  3.182440025352e-01
  6.816816816817e-01  3.194430542417e-01  3.172540650119e-01
  6.826826826827e-01  3.184429454380e-01  3.162640177482e-01
  6.836836836837e-01  3.174427279878e-01  3.152738618371e-01
  6.846846846847e-01  3.164424029733e-01  3.142835983607e-01
  6.856856856857e-01  3.154419714657e-01  3.132932283903e-01
  6.866866866867e-01  3.144414345257e-01  3.123027529867e-01
  6.876876876877e-01  3.134407932035e-01  3.113121732000e-01
  6.886886886887e-01  3.124400485387e-01  3.103214900698e-01
  6.896896896897e-01  3.114392015606e-01  3.093307046255e-01
  6.906906906907e-01  3.104382532883e-01  3.083398178861e-01
  6.916916916917e-01  3.094372047306e-01  3.073488308605e-01
  6.926926926927e-01  3.084360568864e-01  3.063577445476e-01
  6.936936936937e-01  3.074348107447e-01  3.053665599363e-01
  6.946946946947e-01  3.064334672844e-01  3.043752780056e-01
  6.956956956957e-01  3.054320274748e-01  3.033838997249e-01
  6.966966966967e-01  3.044304922757e-01  3.023924260538e-01
  6.976976976977e-01  3.034288626371e-01  3.014008579424e-01
  6.986986986987e-01  3.024271394995e-01  3.004091963313e-01
  6.996996996997e-01  3.014253237944e-01  2.994174421519e-01
  7.007007007007e-01  3.004234164436e-01  2.984255963260e-01
  7.017017017017e-01  2.994214183599e-01  2.974336597665e-01
  7.027027027027e-01  2.984193304471e-01  2.964416333771e-01
  7.037037037037e-01  2.974171535999e-01  2.954495180526e-01
  7.047047047047e-01  2.964148887040e-01  2.944573146786e-01
  7.057057057057e-01  2.954125366365e-01  2.934650241323e-01
  7.067067067067e-01  2.944100982655e-01  2.924726472818e-01
  7.077077077077e-01  2.934075744507e-01  2.914801849868e-01
  7.087087087087e-01  2.924049660430e-01  2.904876380982e-01
  7.097097097097e-01  2.914022738851e-01  2.894950074586e-01
  7.107107107107e-01  2.903994988111e-01  2.885022939023e-01
  7.117117117117e-01  2.893966416468e-01  2.875094982550e-01
  7.127127127127e-01  2.883937032099e-01  2.865166213344e-01
  7.137137137137e-01  2.873906843098e-01  2.855236639500e-01
  7.147147147147e-01  2.863875857480e-01  2.845306269031e-01
  7.157157157157e-01  2.853844083179e-01  2.835375109874e-01
  7.167167167167e-01  2.843811528051e-01  2.825443169882e-01
  7.177177177177e-01  2.833778199872e-01  2.815510456833e-01
  7.187187187187e-01  2.823744106342e-01  2.805576978427e-01
  7.197197197197e-01  2.813709255084e-01  2.795642742286e-01
  7.207207207207e-01  2.803673653645e-01  2.785707755959e-01
  7.217217217217e-01  2.793637309497e-01  2.775772026916e-01
  7.227227227227e-01  2.783600230038e-01  2.765835562555e-01
  7.237237237237e-01  2.773562422590e-01  2.755898370201e-01
  7.247247247247e-01  2.763523894406e-01  2.745960457103e-01
  7.257257257257e-01  2.753484652664e-01  2.736021830441e-01
  7.267267267267e-01  2.743444704470e-01  2.726082497322e-01
  7.277277277277e-01  2.733404056861e-01  2.716142464782e-01
  7.287287287287e-01  2.723362716803e-01  2.706201739788e-01
  7.297297297297e-01  2.713320691193e-01  2.696260329236e-01
  7.307307307307e-01  2.703277986860e-01  2.686318239954e-01
  7.317317317317e-01  2.693234610562e-01  2.676375478703e-01
  7.327327327327e-01  2.683190568994e-01  2.666432052176e-01
  7.337337337337e-01  2.673145868782e-01  2.656487966999e-01
  7.347347347347e-01  2.663100516484e-01  2.646543229731e-01
  7.357357357357e-01  2.653054518597e-01  2.636597846869e-01
  7.367367367367e-01  2.643007881551e-01  2.626651824841e-01
  7.377377377377e-01  2.632960611711e-01  2.616705170015e-01
  7.387387387387e-01  2.622912715380e-01  2.606757888692e-01
  7.397397397397e-01  2.612864198798e-01  2.596809987114e-01
  7.407407407407e-01  2.602815068143e-01  2.586861471457e-01
  7.417417417417e-01  2.592765329530e-01  2.576912347838e-01
  7.427427427427e-01  2.582714989017e-01  2.566962622312e-01
  7.437437437437e-01  2.572664052596e-01  2.557012300875e-01
  7.447447447447e-01  2.562612526204e-01  2.547061389461e-01
  7.457457457457e-01  2.552560415717e-01  2.537109893947e-01
  7.467467467467e-01  2.542507726952e-01  2.527157820151e-01
  7.477477477477e-01  2.532454465669e-01  2.517205173831e-01
  7.487487487487e-01  2.522400637570e-01  2.507251960692e-01
  7.497497497497e-01  2.512346248302e-01  2.497298186378e-01
  7.507507507508e-01  2.502291303452e-01  2.487343856478e-01
  7.517517517518e-01  2.492235808556e-01  2.477388976526e-01
  7.527527527528e-01  2.482179769091e-01  2.467433552002e-01
  7.537537537538e-01  2.472123190481e-01  2.457477588328e-01
  7.547547547548e-01  2.462066078096e-01  2.447521090875e-01
  7.557557557558e-01  2.452008437253e-01  2.437564064959e-01
  7.567567567568e-01  2.441950273215e-01  2.427606515844e-01
  7.577577577578e-01  2.431891591193e-01  2.417648448740e-01
  7.587587587588e-01  2.421832396346e-01  2.407689868808e-01
  7.597597597598e-01  2.411772693783e-01  2.397730781155e-01
  7.607607607608e-01  2.401712488560e-01  2.387771190837e-01
  7.617617617618e-01  2.391651785683e-01  2.377811102862e-01
  7.627627627628e-01  2.381590590109e-01  2.367850522186e-01
  7.637637637638e-01  2.371528906746e-01  2.357889453716e-01
  7.647647647648e-01  2.361466740452e-01  2.347927902311e-01
  7.657657657658e-01  2.351404096037e-01  2.337965872782e-01
  7.667667667668e-01  2.341340978263e-01  2.328003369889e-01
  7.677677677678e-01  2.331277391845e-01  2.318040398348e-01
  7.687687687688e-01  2.321213341450e-01  2.308076962827e-01
  7.697697697698e-01  2.311148831700e-01  2.298113067947e-01
  7.707707707708e-01  2.301083867170e-01  2.288148718283e-01
  7.717717717718e-01  2.291018452390e-01  2.278183918365e-01
  7.727727727728e-01  2.280952591843e-01  2.268218672677e-01
  7.737737737738e-01  2.270886289971e-01  2.258252985660e-01
  7.747747747748e-01  2.260819551168e-01  2.248286861708e-01
  7.757757757758e-01  2.250752379787e-01  2.238320305175e-01
  7.767767767768e-01  2.240684780136e-01  2.228353320368e-01
  7.777777777778e-01  2.230616756480e-01  2.218385911553e-01
  7.787787787788e-01  2.220548313044e-01  2.208418082953e-01
  7.797797797798e-01  2.210479454007e-01  2.198449838749e-01
  7.807807807808e-01  2.200410183509e-01  2.188481183082e-01
  7.817817817818e-01  2.190340505648e-01  2.178512120048e-01
  7.827827827828e-01  2.180270424483e-01  2.168542653705e-01
  7.837837837838e-01  2.170199944029e-01  2.158572788071e-01
  7.847847847848e-01  2.160129068263e-01  2.148602527123e-01
  7.857857857858e-01  2.150057801124e-01  2.138631874797e-01
  7.867867867868e-01  2.139986146509e-01  2.128660834992e-01
  7.877877877878e-01  2.129914108277e-01  2.118689411567e-01
  7.887887887888e-01  2.119841690249e-01  2.108717608343e-01
  7.897897897898e-01  2.109768896208e-01  2.098745429103e-01
  7.907907907908e-01  2.099695729900e-01  2.088772877592e-01
  7.917917917918e-01  2.089622195031e-01  2.078799957517e-01
  7.927927927928e-01  2.079548295273e-01  2.068826672551e-01
  7.937937937938e-01  2.069474034261e-01  2.058853026327e-01
  7.947947947948e-01  2.059399415591e-01  2.048879022443e-01
  7.957957957958e-01  2.049324442828e-01  2.038904664462e-01
  7.967967967968e-01  2.039249119496e-01  2.028929955910e-01
  7.977977977978e-01  2.029173449089e-01  2.018954900279e-01
  7.987987987988e-01  2.019097435063e-01  2.008979501027e-01
  7.997997997998e-01  2.009021080840e-01  1.999003761575e-01
  8.008008008008e-01  1.998944389809e-01  1.989027685312e-01
  8.018018018018e-01  1.988867365324e-01  1.979051275592e-01
  8.028028028028e-01  1.978790010707e-01  1.969074535738e-01
  8.038038038038e-01  1.968712329246e-01  1.959097469037e-01
  8.048048048048e-01  1.958634324196e-01  1.949120078744e-01
  8.058058058058e-01  1.948555998780e-01  1.939142368083e-01
  8.068068068068e-01  1.938477356190e-01  1.929164340244e-01
  8.078078078078e-01  1.928398399583e-01  1.919185998387e-01
  8.088088088088e-01  1.918319132089e-01  1.909207345638e-01
  8.098098098098e-01  1.908239556802e-01  1.899228385096e-01
  8.108108108108e-01  1.898159676789e-01  1.889249119825e-01
  8.118118118118e-01  1.888079495086e-01  1.879269552860e-01
  8.128128128128e-01  1.877999014696e-01  1.869289687207e-01
  8.138138138138e-01  1.867918238595e-01  1.859309525840e-01
  8.148148148148e-01  1.857837169728e-01  1.849329071704e-01
  8.158158158158e-01  1.847755811011e-01  1.839348327716e-01
  8.168168168168e-01  1.837674165331e-01  1.829367296763e-01
  8.178178178178e-01  1.827592235546e-01  1.819385981702e-01
  8.188188188188e-01  1.817510024486e-01  1.809404385364e-01
  8.198198198198e-01  1.807427534952e-01  1.799422510551e-01
  8.208208208208e-01  1.797344769718e-01  1.789440360034e-01
  8.218218218218e-01  1.787261731531e-01  1.779457936562e-01
  8.228228228228e-01  1.777178423108e-01  1.769475242851e-01
  8.238238238238e-01  1.767094847141e-01  1.759492281595e-01
  8.248248248248e-01  1.757011006295e-01  1.749509055458e-01
  8.258258258258e-01  1.746926903208e-01  1.739525567077e-01
  8.268268268268e-01  1.736842540492e-01  1.729541819065e-01
  8.278278278278e-01  1.726757920734e-01  1.719557814009e-01
  8.288288288288e-01  1.716673046492e-01  1.709573554467e-01
  8.298298298298e-01  1.706587920303e-01  1.699589042975e-01
  8.308308308308e-01  1.696502544674e-01  1.689604282042e-01
  8.318318318318e-01  1.686416922092e-01  1.679619274153e-01
  8.328328328328e-01  1.676331055014e-01  1.669634021768e-01
  8.338338338338e-01  1.666244945878e-01  1.659648527320e-01
  8.348348348348e-01  1.656158597093e-01  1.649662793223e-01
  8.358358358358e-01  1.646072011046e-01  1.639676821862e-01
  8.368368368368e-01  1.635985190101e-01  1.629690615600e-01
  8.378378378378e-01  1.625898136597e-01  1.619704176778e-01
  8.388388388388e-01  1.615810852851e-01  1.609717507711e-01
  8.398398398398e-01  1.605723341155e-01  1.599730610693e-01
  8.408408408408e-01  1.595635603780e-01  1.589743487994e-01
  8.418418418418e-01  1.585547642974e-01  1.579756141862e-01
  8.428428428428e-01  1.575459460963e-01  1.569768574523e-01
  8.438438438438e-01  1.565371059949e-01  1.559780788180e-01
  8.448448448448e-01  1.555282442114e-01  1.549792785013e-01
  8.458458458458e-01  1.545193609617e-01  1.539804567183e-01
  8.468468468468e-01  1.535104564597e-01  1.529816136827e-01
  8.478478478478e-01  1.525015309169e-01  1.519827496063e-01
  8.488488488488e-01  1.514925845431e-01  1.509838646986e-01
  8.498498498498e-01  1.504836175456e-01  1.499849591671e-01
  8.508508508509e-01  1.494746301299e-01  1.489860332172e-01
  8.518518518519e-01  1.484656224993e-01  1.479870870522e-01
  8.528528528529e-01  1.474565948552e-01  1.469881208736e-01
  8.538538538539e-01  1.464475473969e-01  1.459891348806e-01
  8.548548548549e-01  1.454384803218e-01  1.449901292707e-01
  8.558558558559e-01  1.444293938253e-01  1.439911042391e-01
  8.568568568569e-01  1.434202881007e-01  1.429920599793e-01
  8.578578578579e-01  1.424111633396e-01  1.419929966829e-01
  8.588588588589e-01  1.414020197317e-01  1.409939145395e-01
  8.598598598599e-01  1.403928574646e-01  1.399948137367e-01
  8.608608608609e-01  1.393836767241e-01  1.389956944605e-01
  8.618618618619e-01  1.383744776944e-01  1.379965568947e-01
  8.628628628629e-01  1.373652605574e-01  1.369974012217e-01
  8.638638638639e-01  1.363560254937e-01  1.359982276217e-01
  8.648648648649e-01  1.353467726816e-01  1.349990362732e-01
  8.658658658659e-01  1.343375022981e-01  1.339998273531e-01
  8.668668668669e-01  1.333282145181e-01  1.330006010364e-01
  8.678678678679e-01  1.323189095149e-01  1.320013574964e-01
  8.688688688689e-01  1.313095874600e-01  1.310020969045e-01
  8.698698698699e-01  1.303002485233e-01  1.300028194307e-01
  8.708708708709e-01  1.292908928730e-01  1.290035252430e-01
  8.718718718719e-01  1.282815206754e-01  1.280042145080e-01
  8.728728728729e-01  1.272721320954e-01  1.270048873905e-01
  8.738738738739e-01  1.262627272961e-01  1.260055440536e-01
  8.748748748749e-01  1.252533064392e-01  1.250061846589e-01
  8.758758758759e-01  1.242438696846e-01  1.240068093662e-01
  8.768768768769e-01  1.232344171905e-01  1.230074183341e-01
  8.778778778779e-01  1.222249491137e-01  1.220080117191e-01
  8.788788788789e-01  1.212154656096e-01  1.210085896766e-01
  8.798798798799e-01  1.202059668316e-01  1.200091523602e-01
  8.808808808809e-01  1.191964529321e-01  1.190096999220e-01
  8.818818818819e-01  1.181869240614e-01  1.180102325127e-01
  8.828828828829e-01  1.171773803689e-01  1.170107502813e-01
  8.838838838839e-01  1.161678220020e-01  1.160112533755e-01
  8.848848848849e-01  1.151582491070e-01  1.150117419414e-01
  8.858858858859e-01  1.141486618285e-01  1.140122161237e-01
  8.868868868869e-01  1.131390603099e-01  1.130126760658e-01
  8.878878878879e-01  1.121294446929e-01  1.120131219094e-01
  8.888888888889e-01  1.111198151180e-01  1.110135537949e-01
  8.898898898899e-01  1.101101717242e-01  1.100139718614e-01
  8.908908908909e-01  1.091005146492e-01  1.090143762466e-01
  8.918918918919e-01  1.080908440291e-01  1.080147670866e-01
  8.928928928929e-01  1.070811599989e-01  1.070151445164e-01
  8.938938938939e-01  1.060714626922e-01  1.060155086696e-01
  8.948948948949e-01  1.050617522412e-01  1.050158596784e-01
  8.958958958959e-01  1.040520287769e-01  1.040161976737e-01
  8.968968968969e-01  1.030422924288e-01  1.030165227851e-01
  8.978978978979e-01  1.020325433252e-01  1.020168351410e-01
  8.988988988989e-01  1.010227815933e-01  1.010171348684e-01
  8.998998998999e-01  1.000130073587e-01  1.000174220931e-01
  9.009009009009e-01  9.900322074610e-02  9.901769693957e-02
  9.019019019019e-01  9.799342187867e-02  9.801795953117e-02
  9.029029029029e-01  9.698361087849e-02  9.701820998992e-02
  9.039039039039e-01  9.597378786643e-02  9.601844843668e-02
  9.049049049049e-01  9.496395296211e-02  9.501867499109e-02
  9.059059059059e-01  9.395410628398e-02  9.401888977158e-02
  9.069069069069e-01  9.294424794931e-02  9.301909289545e-02
  9.079079079079e-01  9.193437807420e-02  9.201928447877e-02
  9.089089089089e-01  9.092449677359e-02  9.101946463650e-02
  9.099099099099e-01  8.991460416128e-02  9.001963348244e-02
  9.109109109109e-01  8.890470034995e-02  8.901979112926e-02
  9.119119119119e-01  8.789478545112e-02  8.801993768849e-02
  9.129129129129e-01  8.688485957524e-02  8.702007327058e-02
  9.139139139139e-01  8.587492283163e-02  8.602019798485e-02
  9.149149149149e-01  8.486497532854e-02  8.502031193955e-02
  9.159159159159e-01  8.385501717314e-02  8.402041524184e-02
  9.169169169169e-01  8.284504847152e-02  8.302050799783e-02
  9.179179179179e-01  8.183506932872e-02  8.202059031255e-02
  9.189189189189e-01  8.082507984874e-02  8.102066229001e-02
  9.199199199199e-01  7.981508013454e-02  8.002072403315e-02
  9.209209209209e-01  7.880507028804e-02  7.902077564393e-02
  9.219219219219e-01  7.779505041018e-02  7.802081722325e-02
  9.229229229229e-01  7.678502060086e-02  7.702084887103e-02
  9.239239239239e-01  7.577498095900e-02  7.602087068618e-02
  9.249249249249e-01  7.476493158253e-02  7.502088276665e-02
  9.259259259259e-01  7.375487256842e-02  7.402088520939e-02
  9.269269269269e-01  7.274480401264e-02  7.302087811040e-02
  9.279279279279e-01  7.173472601025e-02  7.202086156470e-02
  9.289289289289e-01  7.072463865532e-02  7.102083566639e-02
  9.299299299299e-01  6.971454204101e-02  7.002080050862e-02
  9.309309309309e-01  6.870443625955e-02  6.902075618362e-02
  9.319319319319e-01  6.769432140223e-02  6.802070278270e-02
  9.329329329329e-01  6.668419755946e-02  6.702064039624e-02
  9.339339339339e-01  6.567406482073e-02  6.602056911375e-02
  9.349349349349e-01  6.466392327465e-02  6.502048902383e-02
  9.359359359359e-01  6.365377300893e-02  6.402040021421e-02
  9.369369369369e-01  6.264361411043e-02  6.302030277173e-02
  9.379379379379e-01  6.163344666512e-02  6.202019678237e-02
  9.389389389389e-01  6.062327075815e-02  6.102008233127e-02
  9.399399399399e-01  5.961308647377e-02  6.001995950271e-02
  9.409409409409e-01  5.860289389544e-02  5.901982838012e-02
  9.419419419419e-01  5.759269310577e-02  5.801968904612e-02
  9.429429429429e-01  5.658248418653e-02  5.701954158248e-02
  9.439439439439e-01  5.557226721870e-02  5.601938607019e-02
  9.449449449449e-01  5.456204228244e-02  5.501922258940e-02
  9.459459459459e-01  5.355180945712e-02  5.401905121949e-02
  9.469469469469e-01  5.254156882132e-02  5.301887203903e-02
  9.479479479479e-01  5.153132045283e-02  5.201868512581e-02
  9.489489489489e-01  5.052106442866e-02  5.101849055685e-02
  9.499499499499e-01  4.951080082507e-02  5.001828840841e-02
  9.509509509510e-01  4.850052971756e-02  4.901807875598e-02
  9.519519519520e-01  4.749025118085e-02  4.801786167429e-02
  9.529529529530e-01  4.647996528894e-02  4.701763723735e-02
  9.539539539540e-01  4.546967211510e-02  4.601740551840e-02
  9.549549549550e-01  4.445937173185e-02  4.501716658999e-02
  9.559559559560e-01  4.344906421099e-02  4.401692052392e-02
  9.569569569570e-01  4.243874962363e-02  4.301666739128e-02
  9.579579579580e-01  4.142842804013e-02  4.201640726245e-02
  9.589589589590e-01  4.041809953020e-02  4.101614020711e-02
  9.599599599600e-01  3.940776416280e-02  4.001586629426e-02
  9.609609609610e-01  3.839742200624e-02  3.901558559220e-02
  9.619619619620e-01  3.738707312815e-02  3.801529816854e-02
  9.629629629630e-01  3.637671759547e-02  3.701500409024e-02
  9.639639639640e-01  3.536635547447e-02  3.601470342357e-02
  9.649649649650e-01  3.435598683079e-02  3.501439623416e-02
  9.659659659660e-01  3.334561172939e-02  3.401408258697e-02
  9.669669669670e-01  3.233523023458e-02  3.301376254632e-02
  9.679679679680e-01  3.132484241004e-02  3.201343617590e-02
  9.689689689690e-01  3.031444831883e-02  3.101310353874e-02
  9.699699699700e-01  2.930404802335e-02  3.001276469727e-02
  9.709709709710e-01  2.829364158540e-02  2.901241971328e-02
  9.719719719720e-01  2.728322906616e-02  2.801206864794e-02
  9.729729729730e-01  2.627281052621e-02  2.701171156184e-02
  9.739739739740e-01  2.526238602550e-02  2.601134851494e-02
  9.749749749750e-01  2.425195562341e-02  2.501097956660e-02
  9.759759759760e-01  2.324151937871e-02  2.401060477561e-02
  9.769769769770e-01  2.223107734960e-02  2.301022420016e-02
  9.779779779780e-01  2.122062959370e-02  2.200983789786e-02
  9.789789789790e-01  2.021017616803e-02  2.100944592575e-02
  9.799799799800e-01  1.919971712907e-02  2.000904834031e-02
  9.809809809810e-01  1.818925253274e-02  1.900864519745e-02
  9.819819819820e-01  1.717878243438e-02  1.800823655251e-02
  9.829829829830e-01  1.616830688879e-02  1.700782246030e-02
  9.839839839840e-01  1.515782595023e-02  1.600740297507e-02
  9.849849849850e-01  1.414733967241e-02  1.500697815054e-02
  9.859859859860e-01  1.313684810851e-02  1.400654803989e-02
  9.869869869870e-01  1.212635131119e-02  1.300611269576e-02
  9.879879879880e-01  1.111584933256e-02  1.200567217029e-02
  9.889889889890e-01  1.010534222423e-02  1.100522651508e-02
  9.899899899900e-01  9.094830037305e-03  1.000477578122e-02
  9.909909909910e-01  8.084312822353e-03  9.004320019301e-03
  9.919919919920e-01  7.073790629460e-03  8.003859279396e-03
  9.929929929930e-01  6.063263508205e-03  7.003393611088e-03
  9.939939939940e-01  5.052731507676e-03  6.002923063465e-03
  9.949949949950e-01  4.042194676470e-03  5.002447685125e-03
  9.959959959960e-01  3.031653062702e-03  4.001967524182e-03
  9.969969969970e-01  2.021106714005e-03  3.001482628272e-03
  9.979979979980e-01  1.010555677541e-03  2.000993044555e-03
  9.989989989990e-01  0.000000000000e+00  1.000498819723e-03
  1.000000000000e+00  0.000000000000e+00  5.888573049312e-18
