  0.000000000000e+00  1.535591975953e+00  0.000000000000e+00
  1.111111111111e-01  1.836616050671e+00  5.597009455176e-01
  2.222222222222e-01  1.731229029330e+00  6.694198434292e-01
  3.333333333333e-01  1.492054324999e+00  6.310078066293e-01
  4.444444444444e-01  1.208837653573e+00  5.438321048451e-01
  5.555555555556e-01  9.111226754093e-01  4.406037464882e-01
  6.666666666667e-01  6.086349563330e-01  3.320909661518e-01
  7.777777777778e-01  3.045760844156e-01  2.218385911553e-01
  8.888888888889e-01  0.000000000000e+00  1.110135537949e-01
  1.000000000000e+00  0.000000000000e+00  5.888573049312e-18
