  0.000000000000e+00  9.503286974700e-02  0.000000000000e+00
  1.010101010101e-02  1.798626989879e-01  8.597554618886e-02
  2.020202020202e-02  2.554697560393e-01  1.627204758275e-01
  3.030303030303e-02  3.227401288632e-01  2.311216305336e-01
  4.040404040404e-02  3.824747735479e-01  2.919806476427e-01
  5.050505050505e-02  4.353976934464e-01  3.460221463035e-01
  6.060606060606e-02  4.821633324949e-01  3.939011270846e-01
  7.070707070707e-02  5.233632582098e-01  4.362096606558e-01
  8.080808080808e-02  5.595322026092e-01  4.734829338476e-01
  9.090909090909e-02  5.911535227455e-01  5.062047148281e-01
  1.010101010101e-01  6.186641366117e-01  5.348122932078e-01
  1.111111111111e-01  6.424589848251e-01  5.597009455176e-01
  1.212121212121e-01  6.628950636496e-01  5.812279716621e-01
  1.313131313131e-01  6.802950705411e-01  5.997163435651e-01
  1.414141414141e-01  6.949506994434e-01  6.154580032685e-01
  1.515151515152e-01  7.071256194842e-01  6.287168441618e-01
  1.616161616162e-01  7.170581674906e-01  6.397314057878e-01
  1.717171717172e-01  7.249637818171e-01  6.487173097404e-01
  1.818181818182e-01  7.310372023421e-01  6.558694615327e-01
  1.919191919192e-01  7.354544590962e-01  6.613640409162e-01
  2.020202020202e-01  7.383746698318e-01  6.653603009797e-01
  2.121212121212e-01  7.399416648883e-01  6.680021943966e-01
  2.222222222222e-01  7.402854559475e-01  6.694198434292e-01
  2.323232323232e-01  7.395235636762e-01  6.697308687004e-01
  2.424242424242e-01  7.377622178142e-01  6.690415903030e-01
  2.525252525253e-01  7.350974419622e-01  6.674481135100e-01
  2.626262626263e-01  7.316160341481e-01  6.650373101747e-01
  2.727272727273e-01  7.273964531843e-01  6.618877058419e-01
  2.828282828283e-01  7.225096198664e-01  6.580702816284e-01
  2.929292929293e-01  7.170196411966e-01  6.536491990623e-01
  3.030303030303e-01  7.109844650269e-01  6.486824552824e-01
  3.131313131313e-01  7.044564718054e-01  6.432224752890e-01
  3.232323232323e-01  6.974830094713e-01  6.373166472925e-01
  3.333333333333e-01  6.901068769587e-01  6.310078066293e-01
  3.434343434343e-01  6.823667612470e-01  6.243346731838e-01
  3.535353535354e-01  6.742976324215e-01  6.173322467849e-01
  3.636363636364e-01  6.659311007784e-01  6.100321646146e-01
  3.737373737374e-01  6.572957396198e-01  6.024630242777e-01
  3.838383838384e-01  6.484173770364e-01  5.946506758332e-01
  3.939393939394e-01  6.393193596570e-01  5.866184857667e-01
  4.040404040404e-01  6.300227910571e-01  5.783875756036e-01
  4.141414141414e-01  6.205467472633e-01  5.699770375952e-01
  4.242424242424e-01  6.109084715518e-01  5.614041296839e-01
  4.343434343434e-01  6.011235505321e-01  5.526844517365e-01
  4.444444444444e-01  5.912060733132e-01  5.438321048451e-01
  4.545454545455e-01  5.811687753775e-01  5.348598353243e-01
  4.646464646465e-01  5.710231686319e-01  5.257791648723e-01
  4.747474747475e-01  5.607796589641e-01  5.166005082275e-01
  4.848484848485e-01  5.504476525050e-01  5.073332795211e-01
  4.949494949495e-01  5.400356516807e-01  4.979859884109e-01
  5.050505050505e-01  5.295513420379e-01  4.885663269805e-01
  5.151515151515e-01  5.190016707256e-01  4.790812482877e-01
  5.252525252525e-01  5.083929174379e-01  4.695370373678e-01
  5.353535353535e-01  4.977307585406e-01  4.599393754144e-01
  5.454545454545e-01  4.870203250361e-01  4.502933977943e-01
  5.555555555556e-01  4.762662549603e-01  4.406037464882e-01
  5.656565656566e-01  4.654727407448e-01  4.308746174934e-01
  5.757575757576e-01  4.546435720285e-01  4.211098036721e-01
  5.858585858586e-01  4.437821743567e-01  4.113127334833e-01
  5.959595959596e-01  4.328916441618e-01  4.014865059929e-01
  6.060606060606e-01  4.219747803829e-01  3.916339225206e-01
  6.161616161616e-01  4.110341130479e-01  3.817575152463e-01
  6.262626262626e-01  4.000719291096e-01  3.718595730680e-01
  6.363636363636e-01  3.890902957994e-01  3.619421649751e-01
  6.464646464646e-01  3.780910817369e-01  3.520071611769e-01
  6.565656565657e-01  3.670759760123e-01  3.420562522000e-01
  6.666666666667e-01  3.560465054344e-01  3.320909661518e-01
  6.767676767677e-01  3.450040501222e-01  3.221126843254e-01
  6.868686868687e-01  3.339498575985e-01  3.121226553044e-01
  6.969696969697e-01  3.228850555286e-01  3.021220077133e-01
  7.070707070707e-01  3.118106632363e-01  2.921117617430e-01
  7.171717171717e-01  3.007276021129e-01  2.820928395683e-01
  7.272727272727e-01  2.896367050257e-01  2.720660747650e-01
  7.373737373737e-01  2.785387248236e-01  2.620322208223e-01
  7.474747474747e-01  2.674343420246e-01  2.519919588371e-01
  7.575757575758e-01  2.563241717653e-01  2.419459044690e-01
  7.676767676768e-01  2.452087700822e-01  2.318946142276e-01
  7.777777777778e-01  2.340886395902e-01  2.218385911553e-01
  7.878787878788e-01  2.229642346147e-01  2.117782899638e-01
  7.979797979798e-01  2.118359658314e-01  2.017141216782e-01
  8.080808080808e-01  2.007042044599e-01  1.916464578338e-01
  8.181818181818e-01  1.895692860545e-01  1.815756342703e-01
  8.282828282828e-01  1.784315139307e-01  1.715019545612e-01
  8.383838383838e-01  1.672911622625e-01  1.614256931137e-01
  8.484848484848e-01  1.561484788826e-01  1.513470979712e-01
  8.585858585859e-01  1.450036878126e-01  1.412663933461e-01
  8.686868686869e-01  1.338569915513e-01  1.311837819091e-01
  8.787878787879e-01  1.227085731420e-01  1.210994468594e-01
  8.888888888889e-01  1.115585980420e-01  1.110135537949e-01
  8.989898989899e-01  1.004072158119e-01  1.009262524036e-01
  9.090909090909e-01  8.925456164348e-02  9.083767799200e-02
  9.191919191919e-01  7.810075773947e-02  8.074795286699e-02
  9.292929292929e-01  6.694591456203e-02  7.065718758458e-02
  9.393939393939e-01  5.579013196049e-02  6.056548207906e-02
  9.494949494949e-01  4.463350019105e-02  5.047292668338e-02
  9.595959595960e-01  3.347610083844e-02  4.037960305168e-02
  9.696969696970e-01  2.231800764907e-02  3.028558499307e-02
  9.797979797980e-01  1.115928728406e-02  2.019093922539e-02
  9.898989898990e-01  0.000000000000e+00  1.009572605646e-02
  1.000000000000e+00  0.000000000000e+00  5.888573049312e-18
