    0.00000e+00    9.50329e-02    0.00000e+00
    1.01010e-02    1.79863e-01    8.59755e-02
    2.02020e-02    2.55470e-01    1.62720e-01
    3.03030e-02    3.22740e-01    2.31122e-01
    4.04040e-02    3.82475e-01    2.91981e-01
    5.05051e-02    4.35398e-01    3.46022e-01
    6.06061e-02    4.82163e-01    3.93901e-01
    7.07071e-02    5.23363e-01    4.36210e-01
    8.08081e-02    5.59532e-01    4.73483e-01
    9.09091e-02    5.91154e-01    5.06205e-01
    1.01010e-01    6.18664e-01    5.34812e-01
    1.11111e-01    6.42459e-01    5.59701e-01
    1.21212e-01    6.62895e-01    5.81228e-01
    1.31313e-01    6.80295e-01    5.99716e-01
    1.41414e-01    6.94951e-01    6.15458e-01
    1.51515e-01    7.07126e-01    6.28717e-01
    1.61616e-01    7.17058e-01    6.39731e-01
    1.71717e-01    7.24964e-01    6.48717e-01
    1.81818e-01    7.31037e-01    6.55869e-01
    1.91919e-01    7.35454e-01    6.61364e-01
    2.02020e-01    7.38375e-01    6.65360e-01
    2.12121e-01    7.39942e-01    6.68002e-01
    2.22222e-01    7.40285e-01    6.69420e-01
    2.32323e-01    7.39524e-01    6.69731e-01
    2.42424e-01    7.37762e-01    6.69042e-01
    2.52525e-01    7.35097e-01    6.67448e-01
    2.62626e-01    7.31616e-01    6.65037e-01
    2.72727e-01    7.27396e-01    6.61888e-01
    2.82828e-01    7.22510e-01    6.58070e-01
    2.92929e-01    7.17020e-01    6.53649e-01
    3.03030e-01    7.10984e-01    6.48682e-01
    3.13131e-01    7.04456e-01    6.43222e-01
    3.23232e-01    6.97483e-01    6.37317e-01
    3.33333e-01    6.90107e-01    6.31008e-01
    3.43434e-01    6.82367e-01    6.24335e-01
    3.53535e-01    6.74298e-01    6.17332e-01
    3.63636e-01    6.65931e-01    6.10032e-01
    3.73737e-01    6.57296e-01    6.02463e-01
    3.83838e-01    6.48417e-01    5.94651e-01
    3.93939e-01    6.39319e-01    5.86618e-01
    4.04040e-01    6.30023e-01    5.78388e-01
    4.14141e-01    6.20547e-01    5.69977e-01
    4.24242e-01    6.10908e-01    5.61404e-01
    4.34343e-01    6.01124e-01    5.52684e-01
    4.44444e-01    5.91206e-01    5.43832e-01
    4.54545e-01    5.81169e-01    5.34860e-01
    4.64646e-01    5.71023e-01    5.25779e-01
    4.74747e-01    5.60780e-01    5.16601e-01
    4.84848e-01    5.50448e-01    5.07333e-01
    4.94949e-01    5.40036e-01    4.97986e-01
    5.05051e-01    5.29551e-01    4.88566e-01
    5.15152e-01    5.19002e-01    4.79081e-01
    5.25253e-01    5.08393e-01    4.69537e-01
    5.35354e-01    4.97731e-01    4.59939e-01
    5.45455e-01    4.87020e-01    4.50293e-01
    5.55556e-01    4.76266e-01    4.40604e-01
    5.65657e-01    4.65473e-01    4.30875e-01
    5.75758e-01    4.54644e-01    4.21110e-01
    5.85859e-01    4.43782e-01    4.11313e-01
    5.95960e-01    4.32892e-01    4.01487e-01
    6.06061e-01    4.21975e-01    3.91634e-01
    6.16162e-01    4.11034e-01    3.81758e-01
    6.26263e-01    4.00072e-01    3.71860e-01
    6.36364e-01    3.89090e-01    3.61942e-01
    6.46465e-01    3.78091e-01    3.52007e-01
    6.56566e-01    3.67076e-01    3.42056e-01
    6.66667e-01    3.56047e-01    3.32091e-01
    6.76768e-01    3.45004e-01    3.22113e-01
    6.86869e-01    3.33950e-01    3.12123e-01
    6.96970e-01    3.22885e-01    3.02122e-01
    7.07071e-01    3.11811e-01    2.92112e-01
    7.17172e-01    3.00728e-01    2.82093e-01
    7.27273e-01    2.89637e-01    2.72066e-01
    7.37374e-01    2.78539e-01    2.62032e-01
    7.47475e-01    2.67434e-01    2.51992e-01
    7.57576e-01    2.56324e-01    2.41946e-01
    7.67677e-01    2.45209e-01    2.31895e-01
    7.77778e-01    2.34089e-01    2.21839e-01
    7.87879e-01    2.22964e-01    2.11778e-01
    7.97980e-01    2.11836e-01    2.01714e-01
    8.08081e-01    2.00704e-01    1.91646e-01
    8.18182e-01    1.89569e-01    1.81576e-01
    8.28283e-01    1.78432e-01    1.71502e-01
    8.38384e-01    1.67291e-01    1.61426e-01
    8.48485e-01    1.56148e-01    1.51347e-01
    8.58586e-01    1.45004e-01    1.41266e-01
    8.68687e-01    1.33857e-01    1.31184e-01
    8.78788e-01    1.22709e-01    1.21099e-01
    8.88889e-01    1.11559e-01    1.11014e-01
    8.98990e-01    1.00407e-01    1.00926e-01
    9.09091e-01    8.92546e-02    9.08377e-02
    9.19192e-01    7.81008e-02    8.07480e-02
    9.29293e-01    6.69459e-02    7.06572e-02
    9.39394e-01    5.57901e-02    6.05655e-02
    9.49495e-01    4.46335e-02    5.04729e-02
    9.59596e-01    3.34761e-02    4.03796e-02
    9.69697e-01    2.23180e-02    3.02856e-02
    9.79798e-01    1.11593e-02    2.01909e-02
    9.89899e-01    0.00000e+00    1.00957e-02
    1.00000e+00    0.00000e+00    5.88857e-18
