    0.00000e+00    9.04918e-03    0.00000e+00
    1.00100e-03    1.79982e-02    8.95912e-03
    2.00200e-03    2.68479e-02    1.78190e-02
    3.00300e-03    3.55995e-02    2.65807e-02
    4.00400e-03    4.42538e-02    3.52452e-02
    5.00501e-03    5.28119e-02    4.38134e-02
    6.00601e-03    6.12746e-02    5.22863e-02
    7.00701e-03    6.96430e-02    6.06648e-02
    8.00801e-03    7.79180e-02    6.89499e-02
    9.00901e-03    8.61005e-02    7.71425e-02
    1.00100e-02    9.41914e-02    8.52436e-02
    1.10110e-02    1.02192e-01    9.32540e-02
    1.20120e-02    1.10102e-01    1.01175e-01
    1.30130e-02    1.17924e-01    1.09006e-01
    1.40140e-02    1.25657e-01    1.16750e-01
    1.50150e-02    1.33304e-01    1.24407e-01
    1.60160e-02    1.40864e-01    1.31977e-01
    1.70170e-02    1.48339e-01    1.39462e-01
    1.80180e-02    1.55730e-01    1.46863e-01
    1.90190e-02    1.63037e-01    1.54180e-01
    2.00200e-02    1.70260e-01    1.61414e-01
    2.10210e-02    1.77402e-01    1.68566e-01
    2.20220e-02    1.84463e-01    1.75637e-01
    2.30230e-02    1.91443e-01    1.82627e-01
    2.40240e-02    1.98344e-01    1.89538e-01
    2.50250e-02    2.05166e-01    1.96370e-01
    2.60260e-02    2.11910e-01    2.03124e-01
    2.70270e-02    2.18577e-01    2.09801e-01
    2.80280e-02    2.25167e-01    2.16401e-01
    2.90290e-02    2.31681e-01    2.22926e-01
    3.00300e-02    2.38121e-01    2.29376e-01
    3.10310e-02    2.44486e-01    2.35751e-01
    3.20320e-02    2.50778e-01    2.42053e-01
    3.30330e-02    2.56997e-01    2.48282e-01
    3.40340e-02    2.63144e-01    2.54439e-01
    3.50350e-02    2.69220e-01    2.60525e-01
    3.60360e-02    2.75225e-01    2.66541e-01
    3.70370e-02    2.81160e-01    2.72486e-01
    3.80380e-02    2.87027e-01    2.78362e-01
    3.90390e-02    2.92824e-01    2.84170e-01
    4.00400e-02    2.98554e-01    2.89910e-01
    4.10410e-02    3.04217e-01    2.95583e-01
    4.20420e-02    3.09813e-01    3.01189e-01
    4.30430e-02    3.15343e-01    3.06730e-01
    4.40440e-02    3.20809e-01    3.12205e-01
    4.50450e-02    3.26209e-01    3.17616e-01
    4.60460e-02    3.31546e-01    3.22963e-01
    4.70470e-02    3.36820e-01    3.28247e-01
    4.80480e-02    3.42031e-01    3.33468e-01
    4.90490e-02    3.47180e-01    3.38627e-01
    5.00501e-02    3.52268e-01    3.43725e-01
    5.10511e-02    3.57295e-01    3.48762e-01
    5.20521e-02    3.62262e-01    3.53739e-01
    5.30531e-02    3.67169e-01    3.58657e-01
    5.40541e-02    3.72017e-01    3.63515e-01
    5.50551e-02    3.76807e-01    3.68315e-01
    5.60561e-02    3.81540e-01    3.73058e-01
    5.70571e-02    3.86215e-01    3.77743e-01
    5.80581e-02    3.90833e-01    3.82371e-01
    5.90591e-02    3.95395e-01    3.86944e-01
    6.00601e-02    3.99902e-01    3.91461e-01
    6.10611e-02    4.04354e-01    3.95923e-01
    6.20621e-02    4.08752e-01    4.00330e-01
    6.30631e-02    4.13095e-01    4.04684e-01
    6.40641e-02    4.17385e-01    4.08984e-01
    6.50651e-02    4.21623e-01    4.13232e-01
    6.60661e-02    4.25808e-01    4.17427e-01
    6.70671e-02    4.29941e-01    4.21570e-01
    6.80681e-02    4.34024e-01    4.25663e-01
    6.90691e-02    4.38055e-01    4.29704e-01
    7.00701e-02    4.42036e-01    4.33696e-01
    7.10711e-02    4.45968e-01    4.37637e-01
    7.20721e-02    4.49850e-01    4.41530e-01
    7.30731e-02    4.53684e-01    4.45373e-01
    7.40741e-02    4.57469e-01    4.49169e-01
    7.50751e-02    4.61206e-01    4.52916e-01
    7.60761e-02    4.64897e-01    4.56617e-01
    7.70771e-02    4.68540e-01    4.60270e-01
    7.80781e-02    4.72137e-01    4.63877e-01
    7.90791e-02    4.75688e-01    4.67438e-01
    8.00801e-02    4.79194e-01    4.70954e-01
    8.10811e-02    4.82655e-01    4.74425e-01
    8.20821e-02    4.86071e-01    4.77851e-01
    8.30831e-02    4.89443e-01    4.81234e-01
    8.40841e-02    4.92771e-01    4.84572e-01
    8.50851e-02    4.96057e-01    4.87867e-01
    8.60861e-02    4.99299e-01    4.91120e-01
    8.70871e-02    5.02499e-01    4.94330e-01
    8.80881e-02    5.05657e-01    4.97498e-01
    8.90891e-02    5.08774e-01    5.00625e-01
    9.00901e-02    5.11849e-01    5.03710e-01
    9.10911e-02    5.14884e-01    5.06755e-01
    9.20921e-02    5.17878e-01    5.09760e-01
    9.30931e-02    5.20833e-01    5.12725e-01
    9.40941e-02    5.23748e-01    5.15650e-01
    9.50951e-02    5.26624e-01    5.18536e-01
    9.60961e-02    5.29461e-01    5.21383e-01
    9.70971e-02    5.32260e-01    5.24192e-01
    9.80981e-02    5.35021e-01    5.26963e-01
    9.90991e-02    5.37745e-01    5.29697e-01
    1.00100e-01    5.40431e-01    5.32393e-01
    1.01101e-01    5.43080e-01    5.35053e-01
    1.02102e-01    5.45693e-01    5.37676e-01
    1.03103e-01    5.48270e-01    5.40263e-01
    1.04104e-01    5.50811e-01    5.42814e-01
    1.05105e-01    5.53317e-01    5.45330e-01
    1.06106e-01    5.55788e-01    5.47810e-01
    1.07107e-01    5.58224e-01    5.50256e-01
    1.08108e-01    5.60625e-01    5.52668e-01
    1.09109e-01    5.62993e-01    5.55046e-01
    1.10110e-01    5.65327e-01    5.57390e-01
    1.11111e-01    5.67628e-01    5.59701e-01
    1.12112e-01    5.69895e-01    5.61979e-01
    1.13113e-01    5.72131e-01    5.64224e-01
    1.14114e-01    5.74333e-01    5.66437e-01
    1.15115e-01    5.76504e-01    5.68618e-01
    1.16116e-01    5.78643e-01    5.70767e-01
    1.17117e-01    5.80751e-01    5.72885e-01
    1.18118e-01    5.82827e-01    5.74971e-01
    1.19119e-01    5.84873e-01    5.77027e-01
    1.20120e-01    5.86889e-01    5.79053e-01
    1.21121e-01    5.88874e-01    5.81048e-01
    1.22122e-01    5.90829e-01    5.83014e-01
    1.23123e-01    5.92755e-01    5.84950e-01
    1.24124e-01    5.94652e-01    5.86856e-01
    1.25125e-01    5.96520e-01    5.88734e-01
    1.26126e-01    5.98359e-01    5.90583e-01
    1.27127e-01    6.00169e-01    5.92404e-01
    1.28128e-01    6.01952e-01    5.94196e-01
    1.29129e-01    6.03706e-01    5.95961e-01
    1.30130e-01    6.05434e-01    5.97698e-01
    1.31131e-01    6.07133e-01    5.99408e-01
    1.32132e-01    6.08806e-01    6.01091e-01
    1.33133e-01    6.10452e-01    6.02748e-01
    1.34134e-01    6.12072e-01    6.04377e-01
    1.35135e-01    6.13666e-01    6.05981e-01
    1.36136e-01    6.15233e-01    6.07558e-01
    1.37137e-01    6.16775e-01    6.09110e-01
    1.38138e-01    6.18291e-01    6.10637e-01
    1.39139e-01    6.19783e-01    6.12138e-01
    1.40140e-01    6.21249e-01    6.13615e-01
    1.41141e-01    6.22691e-01    6.15066e-01
    1.42142e-01    6.24108e-01    6.16494e-01
    1.43143e-01    6.25501e-01    6.17897e-01
    1.44144e-01    6.26870e-01    6.19276e-01
    1.45145e-01    6.28215e-01    6.20631e-01
    1.46146e-01    6.29537e-01    6.21963e-01
    1.47147e-01    6.30836e-01    6.23272e-01
    1.48148e-01    6.32112e-01    6.24558e-01
    1.49149e-01    6.33364e-01    6.25821e-01
    1.50150e-01    6.34595e-01    6.27061e-01
    1.51151e-01    6.35803e-01    6.28279e-01
    1.52152e-01    6.36989e-01    6.29475e-01
    1.53153e-01    6.38153e-01    6.30650e-01
    1.54154e-01    6.39295e-01    6.31802e-01
    1.55155e-01    6.40416e-01    6.32933e-01
    1.56156e-01    6.41516e-01    6.34043e-01
    1.57157e-01    6.42594e-01    6.35131e-01
    1.58158e-01    6.43652e-01    6.36199e-01
    1.59159e-01    6.44690e-01    6.37247e-01
    1.60160e-01    6.45706e-01    6.38274e-01
    1.61161e-01    6.46703e-01    6.39280e-01
    1.62162e-01    6.47680e-01    6.40267e-01
    1.63163e-01    6.48637e-01    6.41234e-01
    1.64164e-01    6.49574e-01    6.42181e-01
    1.65165e-01    6.50492e-01    6.43109e-01
    1.66166e-01    6.51390e-01    6.44018e-01
    1.67167e-01    6.52270e-01    6.44908e-01
    1.68168e-01    6.53131e-01    6.45779e-01
    1.69169e-01    6.53973e-01    6.46631e-01
    1.70170e-01    6.54797e-01    6.47465e-01
    1.71171e-01    6.55602e-01    6.48280e-01
    1.72172e-01    6.56389e-01    6.49078e-01
    1.73173e-01    6.57159e-01    6.49857e-01
    1.74174e-01    6.57910e-01    6.50619e-01
    1.75175e-01    6.58644e-01    6.51363e-01
    1.76176e-01    6.59361e-01    6.52090e-01
    1.77177e-01    6.60061e-01    6.52799e-01
    1.78178e-01    6.60743e-01    6.53492e-01
    1.79179e-01    6.61409e-01    6.54168e-01
    1.80180e-01    6.62058e-01    6.54827e-01
    1.81181e-01    6.62690e-01    6.55469e-01
    1.82182e-01    6.63306e-01    6.56095e-01
    1.83183e-01    6.63906e-01    6.56705e-01
    1.84184e-01    6.64490e-01    6.57299e-01
    1.85185e-01    6.65058e-01    6.57877e-01
    1.86186e-01    6.65610e-01    6.58439e-01
    1.87187e-01    6.66146e-01    6.58986e-01
    1.88188e-01    6.66668e-01    6.59517e-01
    1.89189e-01    6.67174e-01    6.60033e-01
    1.90190e-01    6.67664e-01    6.60534e-01
    1.91191e-01    6.68140e-01    6.61020e-01
    1.92192e-01    6.68601e-01    6.61491e-01
    1.93193e-01    6.69048e-01    6.61948e-01
    1.94194e-01    6.69480e-01    6.62389e-01
    1.95195e-01    6.69897e-01    6.62817e-01
    1.96196e-01    6.70300e-01    6.63230e-01
    1.97197e-01    6.70690e-01    6.63630e-01
    1.98198e-01    6.71065e-01    6.64015e-01
    1.99199e-01    6.71426e-01    6.64386e-01
    2.00200e-01    6.71774e-01    6.64744e-01
    2.01201e-01    6.72108e-01    6.65089e-01
    2.02202e-01    6.72429e-01    6.65419e-01
    2.03203e-01    6.72737e-01    6.65737e-01
    2.04204e-01    6.73031e-01    6.66042e-01
    2.05205e-01    6.73312e-01    6.66333e-01
    2.06206e-01    6.73581e-01    6.66612e-01
    2.07207e-01    6.73837e-01    6.66878e-01
    2.08208e-01    6.74080e-01    6.67131e-01
    2.09209e-01    6.74311e-01    6.67372e-01
    2.10210e-01    6.74529e-01    6.67600e-01
    2.11211e-01    6.74735e-01    6.67816e-01
    2.12212e-01    6.74929e-01    6.68020e-01
    2.13213e-01    6.75111e-01    6.68212e-01
    2.14214e-01    6.75281e-01    6.68392e-01
    2.15215e-01    6.75439e-01    6.68561e-01
    2.16216e-01    6.75586e-01    6.68718e-01
    2.17217e-01    6.75721e-01    6.68863e-01
    2.18218e-01    6.75845e-01    6.68997e-01
    2.19219e-01    6.75957e-01    6.69119e-01
    2.20220e-01    6.76059e-01    6.69230e-01
    2.21221e-01    6.76149e-01    6.69331e-01
    2.22222e-01    6.76228e-01    6.69420e-01
    2.23223e-01    6.76296e-01    6.69498e-01
    2.24224e-01    6.76354e-01    6.69566e-01
    2.25225e-01    6.76401e-01    6.69623e-01
    2.26226e-01    6.76437e-01    6.69669e-01
    2.27227e-01    6.76463e-01    6.69705e-01
    2.28228e-01    6.76479e-01    6.69731e-01
    2.29229e-01    6.76484e-01    6.69747e-01
    2.30230e-01    6.76479e-01    6.69752e-01
    2.31231e-01    6.76465e-01    6.69747e-01
    2.32232e-01    6.76440e-01    6.69733e-01
    2.33233e-01    6.76406e-01    6.69708e-01
    2.34234e-01    6.76361e-01    6.69674e-01
    2.35235e-01    6.76308e-01    6.69630e-01
    2.36236e-01    6.76244e-01    6.69577e-01
    2.37237e-01    6.76171e-01    6.69514e-01
    2.38238e-01    6.76089e-01    6.69442e-01
    2.39239e-01    6.75998e-01    6.69361e-01
    2.40240e-01    6.75897e-01    6.69270e-01
    2.41241e-01    6.75788e-01    6.69171e-01
    2.42242e-01    6.75669e-01    6.69062e-01
    2.43243e-01    6.75541e-01    6.68945e-01
    2.44244e-01    6.75405e-01    6.68819e-01
    2.45245e-01    6.75260e-01    6.68684e-01
    2.46246e-01    6.75107e-01    6.68540e-01
    2.47247e-01    6.74944e-01    6.68388e-01
    2.48248e-01    6.74774e-01    6.68227e-01
    2.49249e-01    6.74595e-01    6.68058e-01
    2.50250e-01    6.74407e-01    6.67881e-01
    2.51251e-01    6.74212e-01    6.67696e-01
    2.52252e-01    6.74008e-01    6.67502e-01
    2.53253e-01    6.73797e-01    6.67301e-01
    2.54254e-01    6.73577e-01    6.67091e-01
    2.55255e-01    6.73350e-01    6.66874e-01
    2.56256e-01    6.73114e-01    6.66648e-01
    2.57257e-01    6.72871e-01    6.66416e-01
    2.58258e-01    6.72621e-01    6.66175e-01
    2.59259e-01    6.72362e-01    6.65927e-01
    2.60260e-01    6.72096e-01    6.65671e-01
    2.61261e-01    6.71823e-01    6.65408e-01
    2.62262e-01    6.71543e-01    6.65137e-01
    2.63263e-01    6.71255e-01    6.64860e-01
    2.64264e-01    6.70960e-01    6.64575e-01
    2.65265e-01    6.70658e-01    6.64283e-01
    2.66266e-01    6.70349e-01    6.63984e-01
    2.67267e-01    6.70032e-01    6.63677e-01
    2.68268e-01    6.69709e-01    6.63364e-01
    2.69269e-01    6.69379e-01    6.63045e-01
    2.70270e-01    6.69043e-01    6.62718e-01
    2.71271e-01    6.68699e-01    6.62384e-01
    2.72272e-01    6.68349e-01    6.62044e-01
    2.73273e-01    6.67992e-01    6.61698e-01
    2.74274e-01    6.67629e-01    6.61345e-01
    2.75275e-01    6.67260e-01    6.60985e-01
    2.76276e-01    6.66884e-01    6.60619e-01
    2.77277e-01    6.66501e-01    6.60247e-01
    2.78278e-01    6.66113e-01    6.59868e-01
    2.79279e-01    6.65718e-01    6.59483e-01
    2.80280e-01    6.65317e-01    6.59093e-01
    2.81281e-01    6.64910e-01    6.58696e-01
    2.82282e-01    6.64497e-01    6.58293e-01
    2.83283e-01    6.64078e-01    6.57884e-01
    2.84284e-01    6.63653e-01    6.57469e-01
    2.85285e-01    6.63222e-01    6.57048e-01
    2.86286e-01    6.62785e-01    6.56622e-01
    2.87287e-01    6.62343e-01    6.56189e-01
    2.88288e-01    6.61895e-01    6.55752e-01
    2.89289e-01    6.61442e-01    6.55308e-01
    2.90290e-01    6.60983e-01    6.54859e-01
    2.91291e-01    6.60518e-01    6.54405e-01
    2.92292e-01    6.60048e-01    6.53945e-01
    2.93293e-01    6.59573e-01    6.53479e-01
    2.94294e-01    6.59092e-01    6.53009e-01
    2.95295e-01    6.58606e-01    6.52533e-01
    2.96296e-01    6.58115e-01    6.52052e-01
    2.97297e-01    6.57618e-01    6.51565e-01
    2.98298e-01    6.57117e-01    6.51074e-01
    2.99299e-01    6.56610e-01    6.50577e-01
    3.00300e-01    6.56098e-01    6.50076e-01
    3.01301e-01    6.55582e-01    6.49569e-01
    3.02302e-01    6.55060e-01    6.49058e-01
    3.03303e-01    6.54534e-01    6.48541e-01
    3.04304e-01    6.54003e-01    6.48020e-01
    3.05305e-01    6.53466e-01    6.47494e-01
    3.06306e-01    6.52926e-01    6.46963e-01
    3.07307e-01    6.52380e-01    6.46428e-01
    3.08308e-01    6.51830e-01    6.45888e-01
    3.09309e-01    6.51276e-01    6.45343e-01
    3.10310e-01    6.50716e-01    6.44794e-01
    3.11311e-01    6.50153e-01    6.44240e-01
    3.12312e-01    6.49584e-01    6.43682e-01
    3.13313e-01    6.49012e-01    6.43120e-01
    3.14314e-01    6.48435e-01    6.42553e-01
    3.15315e-01    6.47854e-01    6.41982e-01
    3.16316e-01    6.47268e-01    6.41406e-01
    3.17317e-01    6.46678e-01    6.40827e-01
    3.18318e-01    6.46084e-01    6.40243e-01
    3.19319e-01    6.45486e-01    6.39655e-01
    3.20320e-01    6.44884e-01    6.39062e-01
    3.21321e-01    6.44278e-01    6.38466e-01
    3.22322e-01    6.43667e-01    6.37866e-01
    3.23323e-01    6.43053e-01    6.37262e-01
    3.24324e-01    6.42435e-01    6.36653e-01
    3.25325e-01    6.41812e-01    6.36041e-01
    3.26326e-01    6.41186e-01    6.35425e-01
    3.27327e-01    6.40556e-01    6.34805e-01
    3.28328e-01    6.39923e-01    6.34182e-01
    3.29329e-01    6.39285e-01    6.33554e-01
    3.30330e-01    6.38644e-01    6.32923e-01
    3.31331e-01    6.37999e-01    6.32288e-01
    3.32332e-01    6.37351e-01    6.31650e-01
    3.33333e-01    6.36698e-01    6.31008e-01
    3.34334e-01    6.36043e-01    6.30362e-01
    3.35335e-01    6.35384e-01    6.29713e-01
    3.36336e-01    6.34721e-01    6.29060e-01
    3.37337e-01    6.34055e-01    6.28404e-01
    3.38338e-01    6.33385e-01    6.27745e-01
    3.39339e-01    6.32712e-01    6.27082e-01
    3.40340e-01    6.32035e-01    6.26415e-01
    3.41341e-01    6.31356e-01    6.25746e-01
    3.42342e-01    6.30673e-01    6.25073e-01
    3.43343e-01    6.29986e-01    6.24396e-01
    3.44344e-01    6.29297e-01    6.23717e-01
    3.45345e-01    6.28604e-01    6.23034e-01
    3.46346e-01    6.27908e-01    6.22348e-01
    3.47347e-01    6.27209e-01    6.21659e-01
    3.48348e-01    6.26507e-01    6.20967e-01
    3.49349e-01    6.25802e-01    6.20272e-01
    3.50350e-01    6.25093e-01    6.19574e-01
    3.51351e-01    6.24382e-01    6.18873e-01
    3.52352e-01    6.23668e-01    6.18168e-01
    3.53353e-01    6.22951e-01    6.17461e-01
    3.54354e-01    6.22230e-01    6.16751e-01
    3.55355e-01    6.21507e-01    6.16038e-01
    3.56356e-01    6.20781e-01    6.15322e-01
    3.57357e-01    6.20053e-01    6.14603e-01
    3.58358e-01    6.19321e-01    6.13882e-01
    3.59359e-01    6.18587e-01    6.13158e-01
    3.60360e-01    6.17849e-01    6.12431e-01
    3.61361e-01    6.17110e-01    6.11701e-01
    3.62362e-01    6.16367e-01    6.10968e-01
    3.63363e-01    6.15622e-01    6.10233e-01
    3.64364e-01    6.14874e-01    6.09495e-01
    3.65365e-01    6.14123e-01    6.08755e-01
    3.66366e-01    6.13370e-01    6.08012e-01
    3.67367e-01    6.12615e-01    6.07266e-01
    3.68368e-01    6.11857e-01    6.06518e-01
    3.69369e-01    6.11096e-01    6.05767e-01
    3.70370e-01    6.10333e-01    6.05014e-01
    3.71371e-01    6.09567e-01    6.04259e-01
    3.72372e-01    6.08799e-01    6.03501e-01
    3.73373e-01    6.08028e-01    6.02740e-01
    3.74374e-01    6.07255e-01    6.01977e-01
    3.75375e-01    6.06480e-01    6.01212e-01
    3.76376e-01    6.05702e-01    6.00444e-01
    3.77377e-01    6.04922e-01    5.99675e-01
    3.78378e-01    6.04140e-01    5.98902e-01
    3.79379e-01    6.03356e-01    5.98128e-01
    3.80380e-01    6.02569e-01    5.97351e-01
    3.81381e-01    6.01780e-01    5.96572e-01
    3.82382e-01    6.00988e-01    5.95791e-01
    3.83383e-01    6.00195e-01    5.95007e-01
    3.84384e-01    5.99399e-01    5.94222e-01
    3.85385e-01    5.98602e-01    5.93434e-01
    3.86386e-01    5.97802e-01    5.92644e-01
    3.87387e-01    5.97000e-01    5.91852e-01
    3.88388e-01    5.96196e-01    5.91058e-01
    3.89389e-01    5.95389e-01    5.90262e-01
    3.90390e-01    5.94581e-01    5.89464e-01
    3.91391e-01    5.93771e-01    5.88664e-01
    3.92392e-01    5.92959e-01    5.87862e-01
    3.93393e-01    5.92145e-01    5.87058e-01
    3.94394e-01    5.91329e-01    5.86252e-01
    3.95395e-01    5.90511e-01    5.85444e-01
    3.96396e-01    5.89691e-01    5.84634e-01
    3.97397e-01    5.88869e-01    5.83822e-01
    3.98398e-01    5.88045e-01    5.83008e-01
    3.99399e-01    5.87219e-01    5.82193e-01
    4.00400e-01    5.86392e-01    5.81375e-01
    4.01401e-01    5.85562e-01    5.80556e-01
    4.02402e-01    5.84731e-01    5.79735e-01
    4.03403e-01    5.83898e-01    5.78912e-01
    4.04404e-01    5.83064e-01    5.78088e-01
    4.05405e-01    5.82227e-01    5.77261e-01
    4.06406e-01    5.81389e-01    5.76433e-01
    4.07407e-01    5.80549e-01    5.75603e-01
    4.08408e-01    5.79707e-01    5.74772e-01
    4.09409e-01    5.78864e-01    5.73938e-01
    4.10410e-01    5.78019e-01    5.73103e-01
    4.11411e-01    5.77173e-01    5.72267e-01
    4.12412e-01    5.76324e-01    5.71429e-01
    4.13413e-01    5.75474e-01    5.70589e-01
    4.14414e-01    5.74623e-01    5.69747e-01
    4.15415e-01    5.73770e-01    5.68904e-01
    4.16416e-01    5.72915e-01    5.68060e-01
    4.17417e-01    5.72059e-01    5.67214e-01
    4.18418e-01    5.71201e-01    5.66366e-01
    4.19419e-01    5.70342e-01    5.65517e-01
    4.20420e-01    5.69481e-01    5.64666e-01
    4.21421e-01    5.68619e-01    5.63814e-01
    4.22422e-01    5.67755e-01    5.62960e-01
    4.23423e-01    5.66890e-01    5.62105e-01
    4.24424e-01    5.66023e-01    5.61248e-01
    4.25425e-01    5.65155e-01    5.60390e-01
    4.26426e-01    5.64285e-01    5.59531e-01
    4.27427e-01    5.63415e-01    5.58670e-01
    4.28428e-01    5.62542e-01    5.57808e-01
    4.29429e-01    5.61668e-01    5.56944e-01
    4.30430e-01    5.60793e-01    5.56079e-01
    4.31431e-01    5.59917e-01    5.55212e-01
    4.32432e-01    5.59039e-01    5.54345e-01
    4.33433e-01    5.58160e-01    5.53476e-01
    4.34434e-01    5.57280e-01    5.52605e-01
    4.35435e-01    5.56398e-01    5.51734e-01
    4.36436e-01    5.55515e-01    5.50861e-01
    4.37437e-01    5.54630e-01    5.49986e-01
    4.38438e-01    5.53745e-01    5.49111e-01
    4.39439e-01    5.52858e-01    5.48234e-01
    4.40440e-01    5.51970e-01    5.47356e-01
    4.41441e-01    5.51081e-01    5.46477e-01
    4.42442e-01    5.50190e-01    5.45597e-01
    4.43443e-01    5.49299e-01    5.44715e-01
    4.44444e-01    5.48406e-01    5.43832e-01
    4.45445e-01    5.47512e-01    5.42948e-01
    4.46446e-01    5.46616e-01    5.42063e-01
    4.47447e-01    5.45720e-01    5.41177e-01
    4.48448e-01    5.44823e-01    5.40289e-01
    4.49449e-01    5.43924e-01    5.39401e-01
    4.50450e-01    5.43024e-01    5.38511e-01
    4.51451e-01    5.42123e-01    5.37620e-01
    4.52452e-01    5.41221e-01    5.36728e-01
    4.53453e-01    5.40318e-01    5.35835e-01
    4.54454e-01    5.39414e-01    5.34941e-01
    4.55455e-01    5.38509e-01    5.34046e-01
    4.56456e-01    5.37603e-01    5.33150e-01
    4.57457e-01    5.36695e-01    5.32253e-01
    4.58458e-01    5.35787e-01    5.31354e-01
    4.59459e-01    5.34878e-01    5.30455e-01
    4.60460e-01    5.33967e-01    5.29555e-01
    4.61461e-01    5.33056e-01    5.28653e-01
    4.62462e-01    5.32144e-01    5.27751e-01
    4.63463e-01    5.31230e-01    5.26848e-01
    4.64464e-01    5.30316e-01    5.25944e-01
    4.65465e-01    5.29401e-01    5.25038e-01
    4.66466e-01    5.28485e-01    5.24132e-01
    4.67467e-01    5.27567e-01    5.23225e-01
    4.68468e-01    5.26649e-01    5.22317e-01
    4.69469e-01    5.25730e-01    5.21408e-01
    4.70470e-01    5.24810e-01    5.20498e-01
    4.71471e-01    5.23889e-01    5.19588e-01
    4.72472e-01    5.22968e-01    5.18676e-01
    4.73473e-01    5.22045e-01    5.17763e-01
    4.74474e-01    5.21122e-01    5.16850e-01
    4.75475e-01    5.20197e-01    5.15935e-01
    4.76476e-01    5.19272e-01    5.15020e-01
    4.77477e-01    5.18346e-01    5.14104e-01
    4.78478e-01    5.17419e-01    5.13187e-01
    4.79479e-01    5.16491e-01    5.12270e-01
    4.80480e-01    5.15562e-01    5.11351e-01
    4.81481e-01    5.14633e-01    5.10432e-01
    4.82482e-01    5.13703e-01    5.09511e-01
    4.83483e-01    5.12772e-01    5.08590e-01
    4.84484e-01    5.11840e-01    5.07669e-01
    4.85485e-01    5.10907e-01    5.06746e-01
    4.86486e-01    5.09974e-01    5.05823e-01
    4.87487e-01    5.09040e-01    5.04899e-01
    4.88488e-01    5.08105e-01    5.03974e-01
    4.89489e-01    5.07169e-01    5.03048e-01
    4.90490e-01    5.06232e-01    5.02122e-01
    4.91491e-01    5.05295e-01    5.01194e-01
    4.92492e-01    5.04357e-01    5.00267e-01
    4.93493e-01    5.03419e-01    4.99338e-01
    4.94494e-01    5.02479e-01    4.98409e-01
    4.95495e-01    5.01539e-01    4.97479e-01
    4.96496e-01    5.00598e-01    4.96548e-01
    4.97497e-01    4.99657e-01    4.95616e-01
    4.98498e-01    4.98715e-01    4.94684e-01
    4.99499e-01    4.97772e-01    4.93751e-01
    5.00501e-01    4.96828e-01    4.92818e-01
    5.01502e-01    4.95884e-01    4.91884e-01
    5.02503e-01    4.94939e-01    4.90949e-01
    5.03504e-01    4.93993e-01    4.90013e-01
    5.04505e-01    4.93047e-01    4.89077e-01
    5.05506e-01    4.92100e-01    4.88140e-01
    5.06507e-01    4.91153e-01    4.87203e-01
    5.07508e-01    4.90205e-01    4.86265e-01
    5.08509e-01    4.89256e-01    4.85326e-01
    5.09510e-01    4.88306e-01    4.84387e-01
    5.10511e-01    4.87357e-01    4.83447e-01
    5.11512e-01    4.86406e-01    4.82506e-01
    5.12513e-01    4.85455e-01    4.81565e-01
    5.13514e-01    4.84503e-01    4.80624e-01
    5.14515e-01    4.83551e-01    4.79681e-01
    5.15516e-01    4.82598e-01    4.78738e-01
    5.16517e-01    4.81644e-01    4.77795e-01
    5.17518e-01    4.80690e-01    4.76851e-01
    5.18519e-01    4.79735e-01    4.75906e-01
    5.19520e-01    4.78780e-01    4.74961e-01
    5.20521e-01    4.77824e-01    4.74015e-01
    5.21522e-01    4.76868e-01    4.73069e-01
    5.22523e-01    4.75911e-01    4.72122e-01
    5.23524e-01    4.74953e-01    4.71175e-01
    5.24525e-01    4.73995e-01    4.70227e-01
    5.25526e-01    4.73037e-01    4.69278e-01
    5.26527e-01    4.72078e-01    4.68329e-01
    5.27528e-01    4.71118e-01    4.67380e-01
    5.28529e-01    4.70158e-01    4.66430e-01
    5.29530e-01    4.69198e-01    4.65479e-01
    5.30531e-01    4.68237e-01    4.64528e-01
    5.31532e-01    4.67275e-01    4.63577e-01
    5.32533e-01    4.66313e-01    4.62625e-01
    5.33534e-01    4.65351e-01    4.61672e-01
    5.34535e-01    4.64387e-01    4.60719e-01
    5.35536e-01    4.63424e-01    4.59766e-01
    5.36537e-01    4.62460e-01    4.58812e-01
    5.37538e-01    4.61496e-01    4.57858e-01
    5.38539e-01    4.60531e-01    4.56903e-01
    5.39540e-01    4.59565e-01    4.55948e-01
    5.40541e-01    4.58599e-01    4.54992e-01
    5.41542e-01    4.57633e-01    4.54036e-01
    5.42543e-01    4.56666e-01    4.53079e-01
    5.43544e-01    4.55699e-01    4.52122e-01
    5.44545e-01    4.54732e-01    4.51164e-01
    5.45546e-01    4.53764e-01    4.50206e-01
    5.46547e-01    4.52795e-01    4.49248e-01
    5.47548e-01    4.51826e-01    4.48289e-01
    5.48549e-01    4.50857e-01    4.47330e-01
    5.49550e-01    4.49887e-01    4.46370e-01
    5.50551e-01    4.48917e-01    4.45410e-01
    5.51552e-01    4.47947e-01    4.44450e-01
    5.52553e-01    4.46976e-01    4.43489e-01
    5.53554e-01    4.46004e-01    4.42527e-01
    5.54555e-01    4.45033e-01    4.41566e-01
    5.55556e-01    4.44061e-01    4.40604e-01
    5.56557e-01    4.43088e-01    4.39641e-01
    5.57558e-01    4.42115e-01    4.38678e-01
    5.58559e-01    4.41142e-01    4.37715e-01
    5.59560e-01    4.40168e-01    4.36752e-01
    5.60561e-01    4.39194e-01    4.35788e-01
    5.61562e-01    4.38220e-01    4.34823e-01
    5.62563e-01    4.37245e-01    4.33859e-01
    5.63564e-01    4.36270e-01    4.32894e-01
    5.64565e-01    4.35294e-01    4.31928e-01
    5.65566e-01    4.34319e-01    4.30962e-01
    5.66567e-01    4.33342e-01    4.29996e-01
    5.67568e-01    4.32366e-01    4.29030e-01
    5.68569e-01    4.31389e-01    4.28063e-01
    5.69570e-01    4.30412e-01    4.27096e-01
    5.70571e-01    4.29434e-01    4.26128e-01
    5.71572e-01    4.28456e-01    4.25161e-01
    5.72573e-01    4.27478e-01    4.24192e-01
    5.73574e-01    4.26500e-01    4.23224e-01
    5.74575e-01    4.25521e-01    4.22255e-01
    5.75576e-01    4.24542e-01    4.21286e-01
    5.76577e-01    4.23562e-01    4.20317e-01
    5.77578e-01    4.22582e-01    4.19347e-01
    5.78579e-01    4.21602e-01    4.18377e-01
    5.79580e-01    4.20622e-01    4.17406e-01
    5.80581e-01    4.19641e-01    4.16436e-01
    5.81582e-01    4.18660e-01    4.15465e-01
    5.82583e-01    4.17679e-01    4.14493e-01
    5.83584e-01    4.16697e-01    4.13522e-01
    5.84585e-01    4.15715e-01    4.12550e-01
    5.85586e-01    4.14733e-01    4.11578e-01
    5.86587e-01    4.13750e-01    4.10605e-01
    5.87588e-01    4.12768e-01    4.09633e-01
    5.88589e-01    4.11784e-01    4.08660e-01
    5.89590e-01    4.10801e-01    4.07686e-01
    5.90591e-01    4.09818e-01    4.06713e-01
    5.91592e-01    4.08834e-01    4.05739e-01
    5.92593e-01    4.07849e-01    4.04765e-01
    5.93594e-01    4.06865e-01    4.03791e-01
    5.94595e-01    4.05880e-01    4.02816e-01
    5.95596e-01    4.04895e-01    4.01841e-01
    5.96597e-01    4.03910e-01    4.00866e-01
    5.97598e-01    4.02925e-01    3.99891e-01
    5.98599e-01    4.01939e-01    3.98915e-01
    5.99600e-01    4.00953e-01    3.97939e-01
    6.00601e-01    3.99967e-01    3.96963e-01
    6.01602e-01    3.98980e-01    3.95986e-01
    6.02603e-01    3.97994e-01    3.95010e-01
    6.03604e-01    3.97007e-01    3.94033e-01
    6.04605e-01    3.96019e-01    3.93056e-01
    6.05606e-01    3.95032e-01    3.92078e-01
    6.06607e-01    3.94044e-01    3.91101e-01
    6.07608e-01    3.93056e-01    3.90123e-01
    6.08609e-01    3.92068e-01    3.89145e-01
    6.09610e-01    3.91080e-01    3.88166e-01
    6.10611e-01    3.90091e-01    3.87188e-01
    6.11612e-01    3.89102e-01    3.86209e-01
    6.12613e-01    3.88113e-01    3.85230e-01
    6.13614e-01    3.87124e-01    3.84251e-01
    6.14615e-01    3.86135e-01    3.83272e-01
    6.15616e-01    3.85145e-01    3.82292e-01
    6.16617e-01    3.84155e-01    3.81312e-01
    6.17618e-01    3.83165e-01    3.80332e-01
    6.18619e-01    3.82175e-01    3.79352e-01
    6.19620e-01    3.81184e-01    3.78371e-01
    6.20621e-01    3.80193e-01    3.77391e-01
    6.21622e-01    3.79202e-01    3.76410e-01
    6.22623e-01    3.78211e-01    3.75429e-01
    6.23624e-01    3.77220e-01    3.74447e-01
    6.24625e-01    3.76229e-01    3.73466e-01
    6.25626e-01    3.75237e-01    3.72484e-01
    6.26627e-01    3.74245e-01    3.71503e-01
    6.27628e-01    3.73253e-01    3.70520e-01
    6.28629e-01    3.72261e-01    3.69538e-01
    6.29630e-01    3.71268e-01    3.68556e-01
    6.30631e-01    3.70275e-01    3.67573e-01
    6.31632e-01    3.69283e-01    3.66590e-01
    6.32633e-01    3.68290e-01    3.65607e-01
    6.33634e-01    3.67296e-01    3.64624e-01
    6.34635e-01    3.66303e-01    3.63641e-01
    6.35636e-01    3.65309e-01    3.62658e-01
    6.36637e-01    3.64316e-01    3.61674e-01
    6.37638e-01    3.63322e-01    3.60690e-01
    6.38639e-01    3.62328e-01    3.59706e-01
    6.39640e-01    3.61333e-01    3.58722e-01
    6.40641e-01    3.60339e-01    3.57737e-01
    6.41642e-01    3.59344e-01    3.56753e-01
    6.42643e-01    3.58350e-01    3.55768e-01
    6.43644e-01    3.57355e-01    3.54783e-01
    6.44645e-01    3.56360e-01    3.53798e-01
    6.45646e-01    3.55365e-01    3.52813e-01
    6.46647e-01    3.54369e-01    3.51828e-01
    6.47648e-01    3.53374e-01    3.50843e-01
    6.48649e-01    3.52378e-01    3.49857e-01
    6.49650e-01    3.51382e-01    3.48871e-01
    6.50651e-01    3.50386e-01    3.47885e-01
    6.51652e-01    3.49390e-01    3.46899e-01
    6.52653e-01    3.48394e-01    3.45913e-01
    6.53654e-01    3.47397e-01    3.44927e-01
    6.54655e-01    3.46401e-01    3.43940e-01
    6.55656e-01    3.45404e-01    3.42953e-01
    6.56657e-01    3.44407e-01    3.41967e-01
    6.57658e-01    3.43410e-01    3.40980e-01
    6.58659e-01    3.42413e-01    3.39993e-01
    6.59660e-01    3.41416e-01    3.39005e-01
    6.60661e-01    3.40418e-01    3.38018e-01
    6.61662e-01    3.39421e-01    3.37030e-01
    6.62663e-01    3.38423e-01    3.36043e-01
    6.63664e-01    3.37425e-01    3.35055e-01
    6.64665e-01    3.36427e-01    3.34067e-01
    6.65666e-01    3.35429e-01    3.33079e-01
    6.66667e-01    3.34431e-01    3.32091e-01
    6.67668e-01    3.33433e-01    3.31103e-01
    6.68669e-01    3.32434e-01    3.30114e-01
    6.69670e-01    3.31435e-01    3.29126e-01
    6.70671e-01    3.30437e-01    3.28137e-01
    6.71672e-01    3.29438e-01    3.27148e-01
    6.72673e-01    3.28439e-01    3.26159e-01
    6.73674e-01    3.27440e-01    3.25170e-01
    6.74675e-01    3.26441e-01    3.24181e-01
    6.75676e-01    3.25441e-01    3.23192e-01
    6.76677e-01    3.24442e-01    3.22203e-01
    6.77678e-01    3.23442e-01    3.21213e-01
    6.78679e-01    3.22443e-01    3.20224e-01
    6.79680e-01    3.21443e-01    3.19234e-01
    6.80681e-01    3.20443e-01    3.18244e-01
    6.81682e-01    3.19443e-01    3.17254e-01
    6.82683e-01    3.18443e-01    3.16264e-01
    6.83684e-01    3.17443e-01    3.15274e-01
    6.84685e-01    3.16442e-01    3.14284e-01
    6.85686e-01    3.15442e-01    3.13293e-01
    6.86687e-01    3.14441e-01    3.12303e-01
    6.87688e-01    3.13441e-01    3.11312e-01
    6.88689e-01    3.12440e-01    3.10321e-01
    6.89690e-01    3.11439e-01    3.09331e-01
    6.90691e-01    3.10438e-01    3.08340e-01
    6.91692e-01    3.09437e-01    3.07349e-01
    6.92693e-01    3.08436e-01    3.06358e-01
    6.93694e-01    3.07435e-01    3.05367e-01
    6.94695e-01    3.06433e-01    3.04375e-01
    6.95696e-01    3.05432e-01    3.03384e-01
    6.96697e-01    3.04430e-01    3.02392e-01
    6.97698e-01    3.03429e-01    3.01401e-01
    6.98699e-01    3.02427e-01    3.00409e-01
    6.99700e-01    3.01425e-01    2.99417e-01
    7.00701e-01    3.00423e-01    2.98426e-01
    7.01702e-01    2.99421e-01    2.97434e-01
    7.02703e-01    2.98419e-01    2.96442e-01
    7.03704e-01    2.97417e-01    2.95450e-01
    7.04705e-01    2.96415e-01    2.94457e-01
    7.05706e-01    2.95413e-01    2.93465e-01
    7.06707e-01    2.94410e-01    2.92473e-01
    7.07708e-01    2.93408e-01    2.91480e-01
    7.08709e-01    2.92405e-01    2.90488e-01
    7.09710e-01    2.91402e-01    2.89495e-01
    7.10711e-01    2.90399e-01    2.88502e-01
    7.11712e-01    2.89397e-01    2.87509e-01
    7.12713e-01    2.88394e-01    2.86517e-01
    7.13714e-01    2.87391e-01    2.85524e-01
    7.14715e-01    2.86388e-01    2.84531e-01
    7.15716e-01    2.85384e-01    2.83538e-01
    7.16717e-01    2.84381e-01    2.82544e-01
    7.17718e-01    2.83378e-01    2.81551e-01
    7.18719e-01    2.82374e-01    2.80558e-01
    7.19720e-01    2.81371e-01    2.79564e-01
    7.20721e-01    2.80367e-01    2.78571e-01
    7.21722e-01    2.79364e-01    2.77577e-01
    7.22723e-01    2.78360e-01    2.76584e-01
    7.23724e-01    2.77356e-01    2.75590e-01
    7.24725e-01    2.76352e-01    2.74596e-01
    7.25726e-01    2.75348e-01    2.73602e-01
    7.26727e-01    2.74344e-01    2.72608e-01
    7.27728e-01    2.73340e-01    2.71614e-01
    7.28729e-01    2.72336e-01    2.70620e-01
    7.29730e-01    2.71332e-01    2.69626e-01
    7.30731e-01    2.70328e-01    2.68632e-01
    7.31732e-01    2.69323e-01    2.67638e-01
    7.32733e-01    2.68319e-01    2.66643e-01
    7.33734e-01    2.67315e-01    2.65649e-01
    7.34735e-01    2.66310e-01    2.64654e-01
    7.35736e-01    2.65305e-01    2.63660e-01
    7.36737e-01    2.64301e-01    2.62665e-01
    7.37738e-01    2.63296e-01    2.61671e-01
    7.38739e-01    2.62291e-01    2.60676e-01
    7.39740e-01    2.61286e-01    2.59681e-01
    7.40741e-01    2.60282e-01    2.58686e-01
    7.41742e-01    2.59277e-01    2.57691e-01
    7.42743e-01    2.58271e-01    2.56696e-01
    7.43744e-01    2.57266e-01    2.55701e-01
    7.44745e-01    2.56261e-01    2.54706e-01
    7.45746e-01    2.55256e-01    2.53711e-01
    7.46747e-01    2.54251e-01    2.52716e-01
    7.47748e-01    2.53245e-01    2.51721e-01
    7.48749e-01    2.52240e-01    2.50725e-01
    7.49750e-01    2.51235e-01    2.49730e-01
    7.50751e-01    2.50229e-01    2.48734e-01
    7.51752e-01    2.49224e-01    2.47739e-01
    7.52753e-01    2.48218e-01    2.46743e-01
    7.53754e-01    2.47212e-01    2.45748e-01
    7.54755e-01    2.46207e-01    2.44752e-01
    7.55756e-01    2.45201e-01    2.43756e-01
    7.56757e-01    2.44195e-01    2.42761e-01
    7.57758e-01    2.43189e-01    2.41765e-01
    7.58759e-01    2.42183e-01    2.40769e-01
    7.59760e-01    2.41177e-01    2.39773e-01
    7.60761e-01    2.40171e-01    2.38777e-01
    7.61762e-01    2.39165e-01    2.37781e-01
    7.62763e-01    2.38159e-01    2.36785e-01
    7.63764e-01    2.37153e-01    2.35789e-01
    7.64765e-01    2.36147e-01    2.34793e-01
    7.65766e-01    2.35140e-01    2.33797e-01
    7.66767e-01    2.34134e-01    2.32800e-01
    7.67768e-01    2.33128e-01    2.31804e-01
    7.68769e-01    2.32121e-01    2.30808e-01
    7.69770e-01    2.31115e-01    2.29811e-01
    7.70771e-01    2.30108e-01    2.28815e-01
    7.71772e-01    2.29102e-01    2.27818e-01
    7.72773e-01    2.28095e-01    2.26822e-01
    7.73774e-01    2.27089e-01    2.25825e-01
    7.74775e-01    2.26082e-01    2.24829e-01
    7.75776e-01    2.25075e-01    2.23832e-01
    7.76777e-01    2.24068e-01    2.22835e-01
    7.77778e-01    2.23062e-01    2.21839e-01
    7.78779e-01    2.22055e-01    2.20842e-01
    7.79780e-01    2.21048e-01    2.19845e-01
    7.80781e-01    2.20041e-01    2.18848e-01
    7.81782e-01    2.19034e-01    2.17851e-01
    7.82783e-01    2.18027e-01    2.16854e-01
    7.83784e-01    2.17020e-01    2.15857e-01
    7.84785e-01    2.16013e-01    2.14860e-01
    7.85786e-01    2.15006e-01    2.13863e-01
    7.86787e-01    2.13999e-01    2.12866e-01
    7.87788e-01    2.12991e-01    2.11869e-01
    7.88789e-01    2.11984e-01    2.10872e-01
    7.89790e-01    2.10977e-01    2.09875e-01
    7.90791e-01    2.09970e-01    2.08877e-01
    7.91792e-01    2.08962e-01    2.07880e-01
    7.92793e-01    2.07955e-01    2.06883e-01
    7.93794e-01    2.06947e-01    2.05885e-01
    7.94795e-01    2.05940e-01    2.04888e-01
    7.95796e-01    2.04932e-01    2.03890e-01
    7.96797e-01    2.03925e-01    2.02893e-01
    7.97798e-01    2.02917e-01    2.01895e-01
    7.98799e-01    2.01910e-01    2.00898e-01
    7.99800e-01    2.00902e-01    1.99900e-01
    8.00801e-01    1.99894e-01    1.98903e-01
    8.01802e-01    1.98887e-01    1.97905e-01
    8.02803e-01    1.97879e-01    1.96907e-01
    8.03804e-01    1.96871e-01    1.95910e-01
    8.04805e-01    1.95863e-01    1.94912e-01
    8.05806e-01    1.94856e-01    1.93914e-01
    8.06807e-01    1.93848e-01    1.92916e-01
    8.07808e-01    1.92840e-01    1.91919e-01
    8.08809e-01    1.91832e-01    1.90921e-01
    8.09810e-01    1.90824e-01    1.89923e-01
    8.10811e-01    1.89816e-01    1.88925e-01
    8.11812e-01    1.88808e-01    1.87927e-01
    8.12813e-01    1.87800e-01    1.86929e-01
    8.13814e-01    1.86792e-01    1.85931e-01
    8.14815e-01    1.85784e-01    1.84933e-01
    8.15816e-01    1.84776e-01    1.83935e-01
    8.16817e-01    1.83767e-01    1.82937e-01
    8.17818e-01    1.82759e-01    1.81939e-01
    8.18819e-01    1.81751e-01    1.80940e-01
    8.19820e-01    1.80743e-01    1.79942e-01
    8.20821e-01    1.79734e-01    1.78944e-01
    8.21822e-01    1.78726e-01    1.77946e-01
    8.22823e-01    1.77718e-01    1.76948e-01
    8.23824e-01    1.76709e-01    1.75949e-01
    8.24825e-01    1.75701e-01    1.74951e-01
    8.25826e-01    1.74693e-01    1.73953e-01
    8.26827e-01    1.73684e-01    1.72954e-01
    8.27828e-01    1.72676e-01    1.71956e-01
    8.28829e-01    1.71667e-01    1.70957e-01
    8.29830e-01    1.70659e-01    1.69959e-01
    8.30831e-01    1.69650e-01    1.68960e-01
    8.31832e-01    1.68642e-01    1.67962e-01
    8.32833e-01    1.67633e-01    1.66963e-01
    8.33834e-01    1.66624e-01    1.65965e-01
    8.34835e-01    1.65616e-01    1.64966e-01
    8.35836e-01    1.64607e-01    1.63968e-01
    8.36837e-01    1.63599e-01    1.62969e-01
    8.37838e-01    1.62590e-01    1.61970e-01
    8.38839e-01    1.61581e-01    1.60972e-01
    8.39840e-01    1.60572e-01    1.59973e-01
    8.40841e-01    1.59564e-01    1.58974e-01
    8.41842e-01    1.58555e-01    1.57976e-01
    8.42843e-01    1.57546e-01    1.56977e-01
    8.43844e-01    1.56537e-01    1.55978e-01
    8.44845e-01    1.55528e-01    1.54979e-01
    8.45846e-01    1.54519e-01    1.53980e-01
    8.46847e-01    1.53510e-01    1.52982e-01
    8.47848e-01    1.52502e-01    1.51983e-01
    8.48849e-01    1.51493e-01    1.50984e-01
    8.49850e-01    1.50484e-01    1.49985e-01
    8.50851e-01    1.49475e-01    1.48986e-01
    8.51852e-01    1.48466e-01    1.47987e-01
    8.52853e-01    1.47457e-01    1.46988e-01
    8.53854e-01    1.46448e-01    1.45989e-01
    8.54855e-01    1.45438e-01    1.44990e-01
    8.55856e-01    1.44429e-01    1.43991e-01
    8.56857e-01    1.43420e-01    1.42992e-01
    8.57858e-01    1.42411e-01    1.41993e-01
    8.58859e-01    1.41402e-01    1.40994e-01
    8.59860e-01    1.40393e-01    1.39995e-01
    8.60861e-01    1.39384e-01    1.38996e-01
    8.61862e-01    1.38374e-01    1.37997e-01
    8.62863e-01    1.37365e-01    1.36997e-01
    8.63864e-01    1.36356e-01    1.35998e-01
    8.64865e-01    1.35347e-01    1.34999e-01
    8.65866e-01    1.34338e-01    1.34000e-01
    8.66867e-01    1.33328e-01    1.33001e-01
    8.67868e-01    1.32319e-01    1.32001e-01
    8.68869e-01    1.31310e-01    1.31002e-01
    8.69870e-01    1.30300e-01    1.30003e-01
    8.70871e-01    1.29291e-01    1.29004e-01
    8.71872e-01    1.28282e-01    1.28004e-01
    8.72873e-01    1.27272e-01    1.27005e-01
    8.73874e-01    1.26263e-01    1.26006e-01
    8.74875e-01    1.25253e-01    1.25006e-01
    8.75876e-01    1.24244e-01    1.24007e-01
    8.76877e-01    1.23234e-01    1.23007e-01
    8.77878e-01    1.22225e-01    1.22008e-01
    8.78879e-01    1.21215e-01    1.21009e-01
    8.79880e-01    1.20206e-01    1.20009e-01
    8.80881e-01    1.19196e-01    1.19010e-01
    8.81882e-01    1.18187e-01    1.18010e-01
    8.82883e-01    1.17177e-01    1.17011e-01
    8.83884e-01    1.16168e-01    1.16011e-01
    8.84885e-01    1.15158e-01    1.15012e-01
    8.85886e-01    1.14149e-01    1.14012e-01
    8.86887e-01    1.13139e-01    1.13013e-01
    8.87888e-01    1.12129e-01    1.12013e-01
    8.88889e-01    1.11120e-01    1.11014e-01
    8.89890e-01    1.10110e-01    1.10014e-01
    8.90891e-01    1.09101e-01    1.09014e-01
    8.91892e-01    1.08091e-01    1.08015e-01
    8.92893e-01    1.07081e-01    1.07015e-01
    8.93894e-01    1.06071e-01    1.06016e-01
    8.94895e-01    1.05062e-01    1.05016e-01
    8.95896e-01    1.04052e-01    1.04016e-01
    8.96897e-01    1.03042e-01    1.03017e-01
    8.97898e-01    1.02033e-01    1.02017e-01
    8.98899e-01    1.01023e-01    1.01017e-01
    8.99900e-01    1.00013e-01    1.00017e-01
    9.00901e-01    9.90032e-02    9.90177e-02
    9.01902e-01    9.79934e-02    9.80180e-02
    9.02903e-01    9.69836e-02    9.70182e-02
    9.03904e-01    9.59738e-02    9.60184e-02
    9.04905e-01    9.49640e-02    9.50187e-02
    9.05906e-01    9.39541e-02    9.40189e-02
    9.06907e-01    9.29442e-02    9.30191e-02
    9.07908e-01    9.19344e-02    9.20193e-02
    9.08909e-01    9.09245e-02    9.10195e-02
    9.09910e-01    8.99146e-02    9.00196e-02
    9.10911e-01    8.89047e-02    8.90198e-02
    9.11912e-01    8.78948e-02    8.80199e-02
    9.12913e-01    8.68849e-02    8.70201e-02
    9.13914e-01    8.58749e-02    8.60202e-02
    9.14915e-01    8.48650e-02    8.50203e-02
    9.15916e-01    8.38550e-02    8.40204e-02
    9.16917e-01    8.28450e-02    8.30205e-02
    9.17918e-01    8.18351e-02    8.20206e-02
    9.18919e-01    8.08251e-02    8.10207e-02
    9.19920e-01    7.98151e-02    8.00207e-02
    9.20921e-01    7.88051e-02    7.90208e-02
    9.21922e-01    7.77951e-02    7.80208e-02
    9.22923e-01    7.67850e-02    7.70208e-02
    9.23924e-01    7.57750e-02    7.60209e-02
    9.24925e-01    7.47649e-02    7.50209e-02
    9.25926e-01    7.37549e-02    7.40209e-02
    9.26927e-01    7.27448e-02    7.30209e-02
    9.27928e-01    7.17347e-02    7.20209e-02
    9.28929e-01    7.07246e-02    7.10208e-02
    9.29930e-01    6.97145e-02    7.00208e-02
    9.30931e-01    6.87044e-02    6.90208e-02
    9.31932e-01    6.76943e-02    6.80207e-02
    9.32933e-01    6.66842e-02    6.70206e-02
    9.33934e-01    6.56741e-02    6.60206e-02
    9.34935e-01    6.46639e-02    6.50205e-02
    9.35936e-01    6.36538e-02    6.40204e-02
    9.36937e-01    6.26436e-02    6.30203e-02
    9.37938e-01    6.16334e-02    6.20202e-02
    9.38939e-01    6.06233e-02    6.10201e-02
    9.39940e-01    5.96131e-02    6.00200e-02
    9.40941e-01    5.86029e-02    5.90198e-02
    9.41942e-01    5.75927e-02    5.80197e-02
    9.42943e-01    5.65825e-02    5.70195e-02
    9.43944e-01    5.55723e-02    5.60194e-02
    9.44945e-01    5.45620e-02    5.50192e-02
    9.45946e-01    5.35518e-02    5.40191e-02
    9.46947e-01    5.25416e-02    5.30189e-02
    9.47948e-01    5.15313e-02    5.20187e-02
    9.48949e-01    5.05211e-02    5.10185e-02
    9.49950e-01    4.95108e-02    5.00183e-02
    9.50951e-01    4.85005e-02    4.90181e-02
    9.51952e-01    4.74903e-02    4.80179e-02
    9.52953e-01    4.64800e-02    4.70176e-02
    9.53954e-01    4.54697e-02    4.60174e-02
    9.54955e-01    4.44594e-02    4.50172e-02
    9.55956e-01    4.34491e-02    4.40169e-02
    9.56957e-01    4.24387e-02    4.30167e-02
    9.57958e-01    4.14284e-02    4.20164e-02
    9.58959e-01    4.04181e-02    4.10161e-02
    9.59960e-01    3.94078e-02    4.00159e-02
    9.60961e-01    3.83974e-02    3.90156e-02
    9.61962e-01    3.73871e-02    3.80153e-02
    9.62963e-01    3.63767e-02    3.70150e-02
    9.63964e-01    3.53664e-02    3.60147e-02
    9.64965e-01    3.43560e-02    3.50144e-02
    9.65966e-01    3.33456e-02    3.40141e-02
    9.66967e-01    3.23352e-02    3.30138e-02
    9.67968e-01    3.13248e-02    3.20134e-02
    9.68969e-01    3.03144e-02    3.10131e-02
    9.69970e-01    2.93040e-02    3.00128e-02
    9.70971e-01    2.82936e-02    2.90124e-02
    9.71972e-01    2.72832e-02    2.80121e-02
    9.72973e-01    2.62728e-02    2.70117e-02
    9.73974e-01    2.52624e-02    2.60113e-02
    9.74975e-01    2.42520e-02    2.50110e-02
    9.75976e-01    2.32415e-02    2.40106e-02
    9.76977e-01    2.22311e-02    2.30102e-02
    9.77978e-01    2.12206e-02    2.20098e-02
    9.78979e-01    2.02102e-02    2.10094e-02
    9.79980e-01    1.91997e-02    2.00090e-02
    9.80981e-01    1.81893e-02    1.90086e-02
    9.81982e-01    1.71788e-02    1.80082e-02
    9.82983e-01    1.61683e-02    1.70078e-02
    9.83984e-01    1.51578e-02    1.60074e-02
    9.84985e-01    1.41473e-02    1.50070e-02
    9.85986e-01    1.31368e-02    1.40065e-02
    9.86987e-01    1.21264e-02    1.30061e-02
    9.87988e-01    1.11158e-02    1.20057e-02
    9.88989e-01    1.01053e-02    1.10052e-02
    9.89990e-01    9.09483e-03    1.00048e-02
    9.90991e-01    8.08431e-03    9.00432e-03
    9.91992e-01    7.07379e-03    8.00386e-03
    9.92993e-01    6.06326e-03    7.00339e-03
    9.93994e-01    5.05273e-03    6.00292e-03
    9.94995e-01    4.04219e-03    5.00245e-03
    9.95996e-01    3.03165e-03    4.00197e-03
    9.96997e-01    2.02111e-03    3.00148e-03
    9.97998e-01    1.01056e-03    2.00099e-03
    9.98999e-01    0.00000e+00    1.00050e-03
    1.00000e+00    0.00000e+00    5.88857e-18
