   2.000e+00           1
   3.000e+00           9
   4.000e+00           6
   5.000e+00          31
   6.000e+00          35
   7.000e+00          69
   8.000e+00          92
   9.000e+00         120
   1.000e+01         153
   1.100e+01         198
   1.200e+01         208
   1.300e+01         269
   1.400e+01         301
   1.500e+01         365
   1.600e+01         409
   1.700e+01         480
   1.800e+01         532
   1.900e+01         616
   2.000e+01         660
   2.100e+01         733
   2.200e+01         796
   2.300e+01         901
   2.400e+01         960
   2.500e+01        1059
   2.600e+01        1142
   2.700e+01        1238
   2.800e+01        1324
   2.900e+01        1422
   3.000e+01        1524
